4
0.833 (0.236,0.236,0.000) (99.764,0.236,0.000) (99.764,99.764,0.000) (0.236,99.764,0.000)
1.667 (0.471,0.471,0.000) (99.529,0.471,0.000) (99.529,99.529,0.000) (0.471,99.529,0.000)
2.500 (0.707,0.707,0.000) (99.293,0.707,0.000) (99.293,99.293,0.000) (0.707,99.293,0.000)
3.333 (0.943,0.943,0.000) (99.057,0.943,0.000) (99.057,99.057,0.000) (0.943,99.057,0.000)
4.167 (1.179,1.179,0.000) (98.821,1.179,0.000) (98.821,98.821,0.000) (1.179,98.821,0.000)
5.000 (1.414,1.414,0.000) (98.586,1.414,0.000) (98.586,98.586,0.000) (1.414,98.586,0.000)
5.833 (1.650,1.650,0.000) (98.350,1.650,0.000) (98.350,98.350,0.000) (1.650,98.350,0.000)
6.667 (1.886,1.886,0.000) (98.114,1.886,0.000) (98.114,98.114,0.000) (1.886,98.114,0.000)
7.500 (2.121,2.121,0.000) (97.879,2.121,0.000) (97.879,97.879,0.000) (2.121,97.879,0.000)
8.333 (2.357,2.357,0.000) (97.643,2.357,0.000) (97.643,97.643,0.000) (2.357,97.643,0.000)
9.167 (2.593,2.593,0.000) (97.407,2.593,0.000) (97.407,97.407,0.000) (2.593,97.407,0.000)
10.000 (2.828,2.828,0.000) (97.172,2.828,0.000) (97.172,97.172,0.000) (2.828,97.172,0.000)
10.833 (3.064,3.064,0.000) (96.936,3.064,0.000) (96.936,96.936,0.000) (3.064,96.936,0.000)
11.667 (3.300,3.300,0.000) (96.700,3.300,0.000) (96.700,96.700,0.000) (3.300,96.700,0.000)
12.500 (3.536,3.536,0.000) (96.464,3.536,0.000) (96.464,96.464,0.000) (3.536,96.464,0.000)
13.333 (3.771,3.771,0.000) (96.229,3.771,0.000) (96.229,96.229,0.000) (3.771,96.229,0.000)
14.167 (4.007,4.007,0.000) (95.993,4.007,0.000) (95.993,95.993,0.000) (4.007,95.993,0.000)
15.000 (4.243,4.243,0.000) (95.757,4.243,0.000) (95.757,95.757,0.000) (4.243,95.757,0.000)
15.833 (4.478,4.478,0.000) (95.522,4.478,0.000) (95.522,95.522,0.000) (4.478,95.522,0.000)
16.667 (4.714,4.714,0.000) (95.286,4.714,0.000) (95.286,95.286,0.000) (4.714,95.286,0.000)
17.500 (4.950,4.950,0.000) (95.050,4.950,0.000) (95.050,95.050,0.000) (4.950,95.050,0.000)
18.333 (5.185,5.185,0.000) (94.815,5.185,0.000) (94.815,94.815,0.000) (5.185,94.815,0.000)
19.167 (5.421,5.421,0.000) (94.579,5.421,0.000) (94.579,94.579,0.000) (5.421,94.579,0.000)
20.000 (5.657,5.657,0.000) (94.343,5.657,0.000) (94.343,94.343,0.000) (5.657,94.343,0.000)
20.833 (5.893,5.893,0.000) (94.107,5.893,0.000) (94.107,94.107,0.000) (5.893,94.107,0.000)
21.667 (6.128,6.128,0.000) (93.872,6.128,0.000) (93.872,93.872,0.000) (6.128,93.872,0.000)
22.500 (6.364,6.364,0.000) (93.636,6.364,0.000) (93.636,93.636,0.000) (6.364,93.636,0.000)
23.333 (6.600,6.600,0.000) (93.400,6.600,0.000) (93.400,93.400,0.000) (6.600,93.400,0.000)
24.167 (6.835,6.835,0.000) (93.165,6.835,0.000) (93.165,93.165,0.000) (6.835,93.165,0.000)
25.000 (7.071,7.071,0.000) (92.929,7.071,0.000) (92.929,92.929,0.000) (7.071,92.929,0.000)
25.833 (7.307,7.307,0.000) (92.693,7.307,0.000) (92.693,92.693,0.000) (7.307,92.693,0.000)
26.667 (7.542,7.542,0.000) (92.458,7.542,0.000) (92.458,92.458,0.000) (7.542,92.458,0.000)
27.500 (7.778,7.778,0.000) (92.222,7.778,0.000) (92.222,92.222,0.000) (7.778,92.222,0.000)
28.333 (8.014,8.014,0.000) (91.986,8.014,0.000) (91.986,91.986,0.000) (8.014,91.986,0.000)
29.167 (8.250,8.250,0.000) (91.750,8.250,0.000) (91.750,91.750,0.000) (8.250,91.750,0.000)
30.000 (8.485,8.485,0.000) (91.515,8.485,0.000) (91.515,91.515,0.000) (8.485,91.515,0.000)
30.833 (8.721,8.721,0.000) (91.279,8.721,0.000) (91.279,91.279,0.000) (8.721,91.279,0.000)
31.667 (8.957,8.957,0.000) (91.043,8.957,0.000) (91.043,91.043,0.000) (8.957,91.043,0.000)
32.500 (9.192,9.192,0.000) (90.808,9.192,0.000) (90.808,90.808,0.000) (9.192,90.808,0.000)
33.333 (9.428,9.428,0.000) (90.572,9.428,0.000) (90.572,90.572,0.000) (9.428,90.572,0.000)
34.167 (9.664,9.664,0.000) (90.336,9.664,0.000) (90.336,90.336,0.000) (9.664,90.336,0.000)
35.000 (9.899,9.899,0.000) (90.100,9.899,0.000) (90.100,90.100,0.000) (9.899,90.100,0.000)
35.833 (10.135,10.135,0.000) (89.865,10.135,0.000) (89.865,89.865,0.000) (10.135,89.865,0.000)
36.667 (10.371,10.371,0.000) (89.629,10.371,0.000) (89.629,89.629,0.000) (10.371,89.629,0.000)
37.500 (10.607,10.607,0.000) (89.393,10.607,0.000) (89.393,89.393,0.000) (10.607,89.393,0.000)
38.333 (10.842,10.842,0.000) (89.158,10.842,0.000) (89.158,89.158,0.000) (10.842,89.158,0.000)
39.167 (11.078,11.078,0.000) (88.922,11.078,0.000) (88.922,88.922,0.000) (11.078,88.922,0.000)
40.000 (11.314,11.314,0.000) (88.686,11.314,0.000) (88.686,88.686,0.000) (11.314,88.686,0.000)
40.833 (11.549,11.549,0.000) (88.451,11.549,0.000) (88.451,88.451,0.000) (11.549,88.451,0.000)
41.667 (11.785,11.785,0.000) (88.215,11.785,0.000) (88.215,88.215,0.000) (11.785,88.215,0.000)
42.500 (12.021,12.021,0.000) (87.979,12.021,0.000) (87.979,87.979,0.000) (12.021,87.979,0.000)
43.333 (12.257,12.257,0.000) (87.743,12.257,0.000) (87.743,87.743,0.000) (12.257,87.743,0.000)
44.167 (12.492,12.492,0.000) (87.508,12.492,0.000) (87.508,87.508,0.000) (12.492,87.508,0.000)
45.000 (12.728,12.728,0.000) (87.272,12.728,0.000) (87.272,87.272,0.000) (12.728,87.272,0.000)
45.833 (12.964,12.964,0.000) (87.036,12.964,0.000) (87.036,87.036,0.000) (12.964,87.036,0.000)
46.667 (13.199,13.199,0.000) (86.801,13.199,0.000) (86.801,86.801,0.000) (13.199,86.801,0.000)
47.500 (13.435,13.435,0.000) (86.565,13.435,0.000) (86.565,86.565,0.000) (13.435,86.565,0.000)
48.333 (13.671,13.671,0.000) (86.329,13.671,0.000) (86.329,86.329,0.000) (13.671,86.329,0.000)
49.167 (13.906,13.906,0.000) (86.094,13.906,0.000) (86.094,86.094,0.000) (13.906,86.094,0.000)
50.000 (14.142,14.142,0.000) (85.858,14.142,0.000) (85.858,85.858,0.000) (14.142,85.858,0.000)
50.833 (14.378,14.378,0.000) (85.622,14.378,0.000) (85.622,85.622,0.000) (14.378,85.622,0.000)
51.667 (14.614,14.614,0.000) (85.386,14.614,0.000) (85.386,85.386,0.000) (14.614,85.386,0.000)
52.500 (14.849,14.849,0.000) (85.151,14.849,0.000) (85.151,85.151,0.000) (14.849,85.151,0.000)
53.333 (15.085,15.085,0.000) (84.915,15.085,0.000) (84.915,84.915,0.000) (15.085,84.915,0.000)
54.167 (15.321,15.321,0.000) (84.679,15.321,0.000) (84.679,84.679,0.000) (15.321,84.679,0.000)
55.000 (15.556,15.556,0.000) (84.444,15.556,0.000) (84.444,84.444,0.000) (15.556,84.444,0.000)
55.833 (15.792,15.792,0.000) (84.208,15.792,0.000) (84.208,84.208,0.000) (15.792,84.208,0.000)
56.667 (16.028,16.028,0.000) (83.972,16.028,0.000) (83.972,83.972,0.000) (16.028,83.972,0.000)
57.500 (16.263,16.263,0.000) (83.737,16.263,0.000) (83.737,83.737,0.000) (16.263,83.737,0.000)
58.333 (16.499,16.499,0.000) (83.501,16.499,0.000) (83.501,83.501,0.000) (16.499,83.501,0.000)
59.167 (16.735,16.735,0.000) (83.265,16.735,0.000) (83.265,83.265,0.000) (16.735,83.265,0.000)
60.000 (16.971,16.971,0.000) (83.029,16.971,0.000) (83.029,83.029,0.000) (16.971,83.029,0.000)
60.833 (17.206,17.206,0.000) (82.794,17.206,0.000) (82.794,82.794,0.000) (17.206,82.794,0.000)
61.667 (17.442,17.442,0.000) (82.558,17.442,0.000) (82.558,82.558,0.000) (17.442,82.558,0.000)
62.500 (17.678,17.678,0.000) (82.322,17.678,0.000) (82.322,82.322,0.000) (17.678,82.322,0.000)
63.333 (17.913,17.913,0.000) (82.087,17.913,0.000) (82.087,82.087,0.000) (17.913,82.087,0.000)
64.167 (18.149,18.149,0.000) (81.851,18.149,0.000) (81.851,81.851,0.000) (18.149,81.851,0.000)
65.000 (18.385,18.385,0.000) (81.615,18.385,0.000) (81.615,81.615,0.000) (18.385,81.615,0.000)
65.833 (18.620,18.620,0.000) (81.380,18.620,0.000) (81.380,81.380,0.000) (18.620,81.380,0.000)
66.667 (18.856,18.856,0.000) (81.144,18.856,0.000) (81.144,81.144,0.000) (18.856,81.144,0.000)
67.500 (19.092,19.092,0.000) (80.908,19.092,0.000) (80.908,80.908,0.000) (19.092,80.908,0.000)
68.333 (19.328,19.328,0.000) (80.672,19.328,0.000) (80.672,80.672,0.000) (19.328,80.672,0.000)
69.167 (19.563,19.563,0.000) (80.437,19.563,0.000) (80.437,80.437,0.000) (19.563,80.437,0.000)
70.000 (19.799,19.799,0.000) (80.201,19.799,0.000) (80.201,80.201,0.000) (19.799,80.201,0.000)
70.833 (20.035,20.035,0.000) (79.965,20.035,0.000) (79.965,79.965,0.000) (20.035,79.965,0.000)
71.667 (20.270,20.270,0.000) (79.730,20.270,0.000) (79.730,79.730,0.000) (20.270,79.730,0.000)
72.500 (20.506,20.506,0.000) (79.494,20.506,0.000) (79.494,79.494,0.000) (20.506,79.494,0.000)
73.333 (20.742,20.742,0.000) (79.258,20.742,0.000) (79.258,79.258,0.000) (20.742,79.258,0.000)
74.167 (20.978,20.978,0.000) (79.022,20.978,0.000) (79.022,79.022,0.000) (20.978,79.022,0.000)
75.000 (21.213,21.213,0.000) (78.787,21.213,0.000) (78.787,78.787,0.000) (21.213,78.787,0.000)
75.833 (21.449,21.449,0.000) (78.551,21.449,0.000) (78.551,78.551,0.000) (21.449,78.551,0.000)
76.667 (21.685,21.685,0.000) (78.315,21.685,0.000) (78.315,78.315,0.000) (21.685,78.315,0.000)
77.500 (21.920,21.920,0.000) (78.080,21.920,0.000) (78.080,78.080,0.000) (21.920,78.080,0.000)
78.333 (22.156,22.156,0.000) (77.844,22.156,0.000) (77.844,77.844,0.000) (22.156,77.844,0.000)
79.167 (22.392,22.392,0.000) (77.608,22.392,0.000) (77.608,77.608,0.000) (22.392,77.608,0.000)
80.000 (22.627,22.627,0.000) (77.373,22.627,0.000) (77.373,77.373,0.000) (22.627,77.373,0.000)
80.833 (22.863,22.863,0.000) (77.137,22.863,0.000) (77.137,77.137,0.000) (22.863,77.137,0.000)
81.667 (23.099,23.099,0.000) (76.901,23.099,0.000) (76.901,76.901,0.000) (23.099,76.901,0.000)
82.500 (23.335,23.335,0.000) (76.665,23.335,0.000) (76.665,76.665,0.000) (23.335,76.665,0.000)
83.333 (23.570,23.570,0.000) (76.430,23.570,0.000) (76.430,76.430,0.000) (23.570,76.430,0.000)
84.167 (23.806,23.806,0.000) (76.194,23.806,0.000) (76.194,76.194,0.000) (23.806,76.194,0.000)
85.000 (24.042,24.042,0.000) (75.958,24.042,0.000) (75.958,75.958,0.000) (24.042,75.958,0.000)
85.833 (24.277,24.277,0.000) (75.723,24.277,0.000) (75.723,75.723,0.000) (24.277,75.723,0.000)
86.667 (24.513,24.513,0.000) (75.487,24.513,0.000) (75.487,75.487,0.000) (24.513,75.487,0.000)
87.500 (24.749,24.749,0.000) (75.251,24.749,0.000) (75.251,75.251,0.000) (24.749,75.251,0.000)
88.333 (24.984,24.984,0.000) (75.016,24.984,0.000) (75.016,75.016,0.000) (24.984,75.016,0.000)
89.167 (25.220,25.220,0.000) (74.780,25.220,0.000) (74.780,74.780,0.000) (25.220,74.780,0.000)
90.000 (25.456,25.456,0.000) (74.544,25.456,0.000) (74.544,74.544,0.000) (25.456,74.544,0.000)
90.833 (25.692,25.692,0.000) (74.308,25.692,0.000) (74.308,74.308,0.000) (25.692,74.308,0.000)
91.667 (25.927,25.927,0.000) (74.073,25.927,0.000) (74.073,74.073,0.000) (25.927,74.073,0.000)
92.500 (26.163,26.163,0.000) (73.837,26.163,0.000) (73.837,73.837,0.000) (26.163,73.837,0.000)
93.333 (26.399,26.399,0.000) (73.601,26.399,0.000) (73.601,73.601,0.000) (26.399,73.601,0.000)
94.167 (26.634,26.634,0.000) (73.366,26.634,0.000) (73.366,73.366,0.000) (26.634,73.366,0.000)
95.000 (26.870,26.870,0.000) (73.130,26.870,0.000) (73.130,73.130,0.000) (26.870,73.130,0.000)
95.833 (27.106,27.106,0.000) (72.894,27.106,0.000) (72.894,72.894,0.000) (27.106,72.894,0.000)
96.667 (27.341,27.341,0.000) (72.659,27.341,0.000) (72.659,72.659,0.000) (27.341,72.659,0.000)
97.500 (27.577,27.577,0.000) (72.423,27.577,0.000) (72.423,72.423,0.000) (27.577,72.423,0.000)
98.333 (27.813,27.813,0.000) (72.187,27.813,0.000) (72.187,72.187,0.000) (27.813,72.187,0.000)
99.167 (28.049,28.049,0.000) (71.951,28.049,0.000) (71.951,71.951,0.000) (28.049,71.951,0.000)
100.000 (28.284,28.284,0.000) (71.716,28.284,0.000) (71.716,71.716,0.000) (28.284,71.716,0.000)
100.833 (28.520,28.520,0.000) (71.480,28.520,0.000) (71.480,71.480,0.000) (28.520,71.480,0.000)
101.667 (28.756,28.756,0.000) (71.244,28.756,0.000) (71.244,71.244,0.000) (28.756,71.244,0.000)
102.500 (28.991,28.991,0.000) (71.009,28.991,0.000) (71.009,71.009,0.000) (28.991,71.009,0.000)
103.333 (29.227,29.227,0.000) (70.773,29.227,0.000) (70.773,70.773,0.000) (29.227,70.773,0.000)
104.167 (29.463,29.463,0.000) (70.537,29.463,0.000) (70.537,70.537,0.000) (29.463,70.537,0.000)
105.000 (29.699,29.699,0.000) (70.301,29.699,0.000) (70.301,70.301,0.000) (29.699,70.301,0.000)
105.833 (29.934,29.934,0.000) (70.066,29.934,0.000) (70.066,70.066,0.000) (29.934,70.066,0.000)
106.667 (30.170,30.170,0.000) (69.830,30.170,0.000) (69.830,69.830,0.000) (30.170,69.830,0.000)
107.500 (30.406,30.406,0.000) (69.594,30.406,0.000) (69.594,69.594,0.000) (30.406,69.594,0.000)
108.333 (30.641,30.641,0.000) (69.359,30.641,0.000) (69.359,69.359,0.000) (30.641,69.359,0.000)
109.167 (30.877,30.877,0.000) (69.123,30.877,0.000) (69.123,69.123,0.000) (30.877,69.123,0.000)
110.000 (31.113,31.113,0.000) (68.887,31.113,0.000) (68.887,68.887,0.000) (31.113,68.887,0.000)
110.833 (31.348,31.348,0.000) (68.652,31.348,0.000) (68.652,68.652,0.000) (31.348,68.652,0.000)
111.667 (31.584,31.584,0.000) (68.416,31.584,0.000) (68.416,68.416,0.000) (31.584,68.416,0.000)
112.500 (31.820,31.820,0.000) (68.180,31.820,0.000) (68.180,68.180,0.000) (31.820,68.180,0.000)
113.333 (32.056,32.056,0.000) (67.944,32.056,0.000) (67.944,67.944,0.000) (32.056,67.944,0.000)
114.167 (32.291,32.291,0.000) (67.709,32.291,0.000) (67.709,67.709,0.000) (32.291,67.709,0.000)
115.000 (32.527,32.527,0.000) (67.473,32.527,0.000) (67.473,67.473,0.000) (32.527,67.473,0.000)
115.833 (32.763,32.763,0.000) (67.237,32.763,0.000) (67.237,67.237,0.000) (32.763,67.237,0.000)
116.667 (32.998,32.998,0.000) (67.002,32.998,0.000) (67.002,67.002,0.000) (32.998,67.002,0.000)
117.500 (33.234,33.234,0.000) (66.766,33.234,0.000) (66.766,66.766,0.000) (33.234,66.766,0.000)
118.333 (33.470,33.470,0.000) (66.530,33.470,0.000) (66.530,66.530,0.000) (33.470,66.530,0.000)
119.167 (33.705,33.705,0.000) (66.295,33.705,0.000) (66.295,66.295,0.000) (33.705,66.295,0.000)
120.000 (33.941,33.941,0.000) (66.059,33.941,0.000) (66.059,66.059,0.000) (33.941,66.059,0.000)
120.833 (34.177,34.177,0.000) (65.823,34.177,0.000) (65.823,65.823,0.000) (34.177,65.823,0.000)
121.667 (34.413,34.413,0.000) (65.587,34.413,0.000) (65.587,65.587,0.000) (34.413,65.587,0.000)
122.500 (34.648,34.648,0.000) (65.352,34.648,0.000) (65.352,65.352,0.000) (34.648,65.352,0.000)
123.333 (34.884,34.884,0.000) (65.116,34.884,0.000) (65.116,65.116,0.000) (34.884,65.116,0.000)
124.167 (35.120,35.120,0.000) (64.880,35.120,0.000) (64.880,64.880,0.000) (35.120,64.880,0.000)
125.000 (35.355,35.355,0.000) (64.645,35.355,0.000) (64.645,64.645,0.000) (35.355,64.645,0.000)
125.833 (35.591,35.591,0.000) (64.409,35.591,0.000) (64.409,64.409,0.000) (35.591,64.409,0.000)
126.667 (35.827,35.827,0.000) (64.173,35.827,0.000) (64.173,64.173,0.000) (35.827,64.173,0.000)
127.500 (36.062,36.062,0.000) (63.938,36.062,0.000) (63.938,63.938,0.000) (36.062,63.938,0.000)
128.333 (36.298,36.298,0.000) (63.702,36.298,0.000) (63.702,63.702,0.000) (36.298,63.702,0.000)
129.167 (36.534,36.534,0.000) (63.466,36.534,0.000) (63.466,63.466,0.000) (36.534,63.466,0.000)
130.000 (36.770,36.770,0.000) (63.230,36.770,0.000) (63.230,63.230,0.000) (36.770,63.230,0.000)
130.833 (37.005,37.005,0.000) (62.995,37.005,0.000) (62.995,62.995,0.000) (37.005,62.995,0.000)
131.667 (37.241,37.241,0.000) (62.759,37.241,0.000) (62.759,62.759,0.000) (37.241,62.759,0.000)
132.500 (37.477,37.477,0.000) (62.523,37.477,0.000) (62.523,62.523,0.000) (37.477,62.523,0.000)
133.333 (37.712,37.712,0.000) (62.288,37.712,0.000) (62.288,62.288,0.000) (37.712,62.288,0.000)
134.167 (37.948,37.948,0.000) (62.052,37.948,0.000) (62.052,62.052,0.000) (37.948,62.052,0.000)
135.000 (38.184,38.184,0.000) (61.816,38.184,0.000) (61.816,61.816,0.000) (38.184,61.816,0.000)
135.833 (38.419,38.419,0.000) (61.580,38.419,0.000) (61.580,61.580,0.000) (38.419,61.580,0.000)
136.667 (38.655,38.655,0.000) (61.345,38.655,0.000) (61.345,61.345,0.000) (38.655,61.345,0.000)
137.500 (38.891,38.891,0.000) (61.109,38.891,0.000) (61.109,61.109,0.000) (38.891,61.109,0.000)
138.333 (39.127,39.127,0.000) (60.873,39.127,0.000) (60.873,60.873,0.000) (39.127,60.873,0.000)
139.167 (39.362,39.362,0.000) (60.638,39.362,0.000) (60.638,60.638,0.000) (39.362,60.638,0.000)
140.000 (39.598,39.598,0.000) (60.402,39.598,0.000) (60.402,60.402,0.000) (39.598,60.402,0.000)
140.833 (39.834,39.834,0.000) (60.166,39.834,0.000) (60.166,60.166,0.000) (39.834,60.166,0.000)
141.667 (40.069,40.069,0.000) (59.931,40.069,0.000) (59.931,59.931,0.000) (40.069,59.931,0.000)
142.500 (40.305,40.305,0.000) (59.695,40.305,0.000) (59.695,59.695,0.000) (40.305,59.695,0.000)
143.333 (40.541,40.541,0.000) (59.459,40.541,0.000) (59.459,59.459,0.000) (40.541,59.459,0.000)
144.167 (40.777,40.777,0.000) (59.223,40.777,0.000) (59.223,59.223,0.000) (40.777,59.223,0.000)
145.000 (41.012,41.012,0.000) (58.988,41.012,0.000) (58.988,58.988,0.000) (41.012,58.988,0.000)
145.833 (41.248,41.248,0.000) (58.752,41.248,0.000) (58.752,58.752,0.000) (41.248,58.752,0.000)
146.667 (41.484,41.484,0.000) (58.516,41.484,0.000) (58.516,58.516,0.000) (41.484,58.516,0.000)
147.500 (41.719,41.719,0.000) (58.281,41.719,0.000) (58.281,58.281,0.000) (41.719,58.281,0.000)
148.333 (41.955,41.955,0.000) (58.045,41.955,0.000) (58.045,58.045,0.000) (41.955,58.045,0.000)
149.167 (42.191,42.191,0.000) (57.809,42.191,0.000) (57.809,57.809,0.000) (42.191,57.809,0.000)
150.000 (42.426,42.426,0.000) (57.574,42.426,0.000) (57.574,57.574,0.000) (42.426,57.574,0.000)
150.833 (42.662,42.662,0.000) (57.338,42.662,0.000) (57.338,57.338,0.000) (42.662,57.338,0.000)
151.667 (42.898,42.898,0.000) (57.102,42.898,0.000) (57.102,57.102,0.000) (42.898,57.102,0.000)
152.500 (43.134,43.134,0.000) (56.866,43.134,0.000) (56.866,56.866,0.000) (43.134,56.866,0.000)
153.333 (43.369,43.369,0.000) (56.631,43.369,0.000) (56.631,56.631,0.000) (43.369,56.631,0.000)
154.167 (43.605,43.605,0.000) (56.395,43.605,0.000) (56.395,56.395,0.000) (43.605,56.395,0.000)
155.000 (43.841,43.841,0.000) (56.159,43.841,0.000) (56.159,56.159,0.000) (43.841,56.159,0.000)
155.833 (44.076,44.076,0.000) (55.924,44.076,0.000) (55.924,55.924,0.000) (44.076,55.924,0.000)
156.667 (44.312,44.312,0.000) (55.688,44.312,0.000) (55.688,55.688,0.000) (44.312,55.688,0.000)
157.500 (44.548,44.548,0.000) (55.452,44.548,0.000) (55.452,55.452,0.000) (44.548,55.452,0.000)
158.333 (44.783,44.783,0.000) (55.217,44.783,0.000) (55.217,55.217,0.000) (44.783,55.217,0.000)
159.167 (45.019,45.019,0.000) (54.981,45.019,0.000) (54.981,54.981,0.000) (45.019,54.981,0.000)
160.000 (45.255,45.255,0.000) (54.745,45.255,0.000) (54.745,54.745,0.000) (45.255,54.745,0.000)
160.833 (45.491,45.491,0.000) (54.509,45.491,0.000) (54.509,54.509,0.000) (45.491,54.509,0.000)
161.667 (45.726,45.726,0.000) (54.274,45.726,0.000) (54.274,54.274,0.000) (45.726,54.274,0.000)
162.500 (45.962,45.962,0.000) (54.038,45.962,0.000) (54.038,54.038,0.000) (45.962,54.038,0.000)
163.333 (46.198,46.198,0.000) (53.802,46.198,0.000) (53.802,53.802,0.000) (46.198,53.802,0.000)
164.167 (46.433,46.433,0.000) (53.567,46.433,0.000) (53.567,53.567,0.000) (46.433,53.567,0.000)
165.000 (46.669,46.669,0.000) (53.331,46.669,0.000) (53.331,53.331,0.000) (46.669,53.331,0.000)
165.833 (46.905,46.905,0.000) (53.095,46.905,0.000) (53.095,53.095,0.000) (46.905,53.095,0.000)
166.667 (47.140,47.140,0.000) (52.859,47.140,0.000) (52.859,52.859,0.000) (47.140,52.859,0.000)
167.500 (47.376,47.376,0.000) (52.624,47.376,0.000) (52.624,52.624,0.000) (47.376,52.624,0.000)
168.333 (47.612,47.612,0.000) (52.388,47.612,0.000) (52.388,52.388,0.000) (47.612,52.388,0.000)
169.167 (47.848,47.848,0.000) (52.152,47.848,0.000) (52.152,52.152,0.000) (47.848,52.152,0.000)
170.000 (48.083,48.083,0.000) (51.917,48.083,0.000) (51.917,51.917,0.000) (48.083,51.917,0.000)
170.833 (48.319,48.319,0.000) (51.681,48.319,0.000) (51.681,51.681,0.000) (48.319,51.681,0.000)
171.667 (48.555,48.555,0.000) (51.445,48.555,0.000) (51.445,51.445,0.000) (48.555,51.445,0.000)
172.500 (48.790,48.790,0.000) (51.210,48.790,0.000) (51.210,51.210,0.000) (48.790,51.210,0.000)
173.333 (49.026,49.026,0.000) (50.974,49.026,0.000) (50.974,50.974,0.000) (49.026,50.974,0.000)
174.167 (49.262,49.262,0.000) (50.738,49.262,0.000) (50.738,50.738,0.000) (49.262,50.738,0.000)
175.000 (49.026,49.026,0.000) (50.974,49.026,0.000) (50.974,50.974,0.000) (49.026,50.974,0.000)
175.833 (49.262,49.262,0.000) (50.738,49.262,0.000) (50.738,50.738,0.000) (49.262,50.738,0.000)
176.667 (49.026,49.026,0.000) (50.974,49.026,0.000) (50.974,50.974,0.000) (49.026,50.974,0.000)
177.500 (49.262,49.262,0.000) (50.738,49.262,0.000) (50.738,50.738,0.000) (49.262,50.738,0.000)
178.333 (49.026,49.026,0.000) (50.974,49.026,0.000) (50.974,50.974,0.000) (49.026,50.974,0.000)
179.167 (49.262,49.262,0.000) (50.738,49.262,0.000) (50.738,50.738,0.000) (49.262,50.738,0.000)
180.000 (49.026,49.026,0.000) (50.974,49.026,0.000) (50.974,50.974,0.000) (49.026,50.974,0.000)
180.833 (49.262,49.262,0.000) (50.738,49.262,0.000) (50.738,50.738,0.000) (49.262,50.738,0.000)
181.666 (49.026,49.026,0.000) (50.974,49.026,0.000) (50.974,50.974,0.000) (49.026,50.974,0.000)
182.500 (49.262,49.262,0.000) (50.738,49.262,0.000) (50.738,50.738,0.000) (49.262,50.738,0.000)
183.333 (49.026,49.026,0.000) (50.974,49.026,0.000) (50.974,50.974,0.000) (49.026,50.974,0.000)
184.166 (49.262,49.262,0.000) (50.738,49.262,0.000) (50.738,50.738,0.000) (49.262,50.738,0.000)
185.000 (49.026,49.026,0.000) (50.974,49.026,0.000) (50.974,50.974,0.000) (49.026,50.974,0.000)
185.833 (49.262,49.262,0.000) (50.738,49.262,0.000) (50.738,50.738,0.000) (49.262,50.738,0.000)
186.666 (49.026,49.026,0.000) (50.974,49.026,0.000) (50.974,50.974,0.000) (49.026,50.974,0.000)
187.500 (49.262,49.262,0.000) (50.738,49.262,0.000) (50.738,50.738,0.000) (49.262,50.738,0.000)
188.333 (49.026,49.026,0.000) (50.974,49.026,0.000) (50.974,50.974,0.000) (49.026,50.974,0.000)
189.166 (49.262,49.262,0.000) (50.738,49.262,0.000) (50.738,50.738,0.000) (49.262,50.738,0.000)
190.000 (49.026,49.026,0.000) (50.974,49.026,0.000) (50.974,50.974,0.000) (49.026,50.974,0.000)
190.833 (49.262,49.262,0.000) (50.738,49.262,0.000) (50.738,50.738,0.000) (49.262,50.738,0.000)
191.666 (49.026,49.026,0.000) (50.974,49.026,0.000) (50.974,50.974,0.000) (49.026,50.974,0.000)
192.500 (49.262,49.262,0.000) (50.738,49.262,0.000) (50.738,50.738,0.000) (49.262,50.738,0.000)
193.333 (49.026,49.026,0.000) (50.974,49.026,0.000) (50.974,50.974,0.000) (49.026,50.974,0.000)
194.166 (49.262,49.262,0.000) (50.738,49.262,0.000) (50.738,50.738,0.000) (49.262,50.738,0.000)
195.000 (49.026,49.026,0.000) (50.974,49.026,0.000) (50.974,50.974,0.000) (49.026,50.974,0.000)
195.833 (49.262,49.262,0.000) (50.738,49.262,0.000) (50.738,50.738,0.000) (49.262,50.738,0.000)
196.666 (49.026,49.026,0.000) (50.974,49.026,0.000) (50.974,50.974,0.000) (49.026,50.974,0.000)
197.500 (49.262,49.262,0.000) (50.738,49.262,0.000) (50.738,50.738,0.000) (49.262,50.738,0.000)
198.333 (49.026,49.026,0.000) (50.974,49.026,0.000) (50.974,50.974,0.000) (49.026,50.974,0.000)
199.166 (49.262,49.262,0.000) (50.738,49.262,0.000) (50.738,50.738,0.000) (49.262,50.738,0.000)
200.000 (49.026,49.026,0.000) (50.974,49.026,0.000) (50.974,50.974,0.000) (49.026,50.974,0.000)
200.833 (49.262,49.262,0.000) (50.738,49.262,0.000) (50.738,50.738,0.000) (49.262,50.738,0.000)
201.666 (49.026,49.026,0.000) (50.974,49.026,0.000) (50.974,50.974,0.000) (49.026,50.974,0.000)
202.500 (49.262,49.262,0.000) (50.738,49.262,0.000) (50.738,50.738,0.000) (49.262,50.738,0.000)
203.333 (49.026,49.026,0.000) (50.974,49.026,0.000) (50.974,50.974,0.000) (49.026,50.974,0.000)
204.166 (49.262,49.262,0.000) (50.738,49.262,0.000) (50.738,50.738,0.000) (49.262,50.738,0.000)
205.000 (49.026,49.026,0.000) (50.974,49.026,0.000) (50.974,50.974,0.000) (49.026,50.974,0.000)
205.833 (49.262,49.262,0.000) (50.738,49.262,0.000) (50.738,50.738,0.000) (49.262,50.738,0.000)
206.666 (49.026,49.026,0.000) (50.974,49.026,0.000) (50.974,50.974,0.000) (49.026,50.974,0.000)
207.500 (49.262,49.262,0.000) (50.738,49.262,0.000) (50.738,50.738,0.000) (49.262,50.738,0.000)
208.333 (49.026,49.026,0.000) (50.974,49.026,0.000) (50.974,50.974,0.000) (49.026,50.974,0.000)
209.166 (49.262,49.262,0.000) (50.738,49.262,0.000) (50.738,50.738,0.000) (49.262,50.738,0.000)
210.000 (49.026,49.026,0.000) (50.974,49.026,0.000) (50.974,50.974,0.000) (49.026,50.974,0.000)
210.833 (49.262,49.262,0.000) (50.738,49.262,0.000) (50.738,50.738,0.000) (49.262,50.738,0.000)
211.666 (49.026,49.026,0.000) (50.974,49.026,0.000) (50.974,50.974,0.000) (49.026,50.974,0.000)
212.500 (49.262,49.262,0.000) (50.738,49.262,0.000) (50.738,50.738,0.000) (49.262,50.738,0.000)
213.333 (49.026,49.026,0.000) (50.974,49.026,0.000) (50.974,50.974,0.000) (49.026,50.974,0.000)
214.166 (49.262,49.262,0.000) (50.738,49.262,0.000) (50.738,50.738,0.000) (49.262,50.738,0.000)
215.000 (49.026,49.026,0.000) (50.974,49.026,0.000) (50.974,50.974,0.000) (49.026,50.974,0.000)
215.833 (49.262,49.262,0.000) (50.738,49.262,0.000) (50.738,50.738,0.000) (49.262,50.738,0.000)
216.666 (49.026,49.026,0.000) (50.974,49.026,0.000) (50.974,50.974,0.000) (49.026,50.974,0.000)
217.500 (49.262,49.262,0.000) (50.738,49.262,0.000) (50.738,50.738,0.000) (49.262,50.738,0.000)
218.333 (49.026,49.026,0.000) (50.974,49.026,0.000) (50.974,50.974,0.000) (49.026,50.974,0.000)
219.166 (49.262,49.262,0.000) (50.738,49.262,0.000) (50.738,50.738,0.000) (49.262,50.738,0.000)
220.000 (49.026,49.026,0.000) (50.974,49.026,0.000) (50.974,50.974,0.000) (49.026,50.974,0.000)
220.833 (49.262,49.262,0.000) (50.738,49.262,0.000) (50.738,50.738,0.000) (49.262,50.738,0.000)
221.666 (49.026,49.026,0.000) (50.974,49.026,0.000) (50.974,50.974,0.000) (49.026,50.974,0.000)
222.500 (49.262,49.262,0.000) (50.738,49.262,0.000) (50.738,50.738,0.000) (49.262,50.738,0.000)
223.333 (49.026,49.026,0.000) (50.974,49.026,0.000) (50.974,50.974,0.000) (49.026,50.974,0.000)
224.166 (49.262,49.262,0.000) (50.738,49.262,0.000) (50.738,50.738,0.000) (49.262,50.738,0.000)
225.000 (49.026,49.026,0.000) (50.974,49.026,0.000) (50.974,50.974,0.000) (49.026,50.974,0.000)
225.833 (49.262,49.262,0.000) (50.738,49.262,0.000) (50.738,50.738,0.000) (49.262,50.738,0.000)
226.666 (49.026,49.026,0.000) (50.974,49.026,0.000) (50.974,50.974,0.000) (49.026,50.974,0.000)
227.500 (49.262,49.262,0.000) (50.738,49.262,0.000) (50.738,50.738,0.000) (49.262,50.738,0.000)
228.333 (49.026,49.026,0.000) (50.974,49.026,0.000) (50.974,50.974,0.000) (49.026,50.974,0.000)
229.166 (49.262,49.262,0.000) (50.738,49.262,0.000) (50.738,50.738,0.000) (49.262,50.738,0.000)
230.000 (49.026,49.026,0.000) (50.974,49.026,0.000) (50.974,50.974,0.000) (49.026,50.974,0.000)
230.833 (49.262,49.262,0.000) (50.738,49.262,0.000) (50.738,50.738,0.000) (49.262,50.738,0.000)
231.666 (49.026,49.026,0.000) (50.974,49.026,0.000) (50.974,50.974,0.000) (49.026,50.974,0.000)
232.500 (49.262,49.262,0.000) (50.738,49.262,0.000) (50.738,50.738,0.000) (49.262,50.738,0.000)
233.333 (49.026,49.026,0.000) (50.974,49.026,0.000) (50.974,50.974,0.000) (49.026,50.974,0.000)
234.166 (49.262,49.262,0.000) (50.738,49.262,0.000) (50.738,50.738,0.000) (49.262,50.738,0.000)
234.999 (49.026,49.026,0.000) (50.974,49.026,0.000) (50.974,50.974,0.000) (49.026,50.974,0.000)
235.833 (49.262,49.262,0.000) (50.738,49.262,0.000) (50.738,50.738,0.000) (49.262,50.738,0.000)
236.666 (49.026,49.026,0.000) (50.974,49.026,0.000) (50.974,50.974,0.000) (49.026,50.974,0.000)
237.499 (49.262,49.262,0.000) (50.738,49.262,0.000) (50.738,50.738,0.000) (49.262,50.738,0.000)
238.333 (49.026,49.026,0.000) (50.974,49.026,0.000) (50.974,50.974,0.000) (49.026,50.974,0.000)
239.166 (49.262,49.262,0.000) (50.738,49.262,0.000) (50.738,50.738,0.000) (49.262,50.738,0.000)
239.999 (49.026,49.026,0.000) (50.974,49.026,0.000) (50.974,50.974,0.000) (49.026,50.974,0.000)
240.833 (49.262,49.262,0.000) (50.738,49.262,0.000) (50.738,50.738,0.000) (49.262,50.738,0.000)
241.666 (49.026,49.026,0.000) (50.974,49.026,0.000) (50.974,50.974,0.000) (49.026,50.974,0.000)
242.499 (49.262,49.262,0.000) (50.738,49.262,0.000) (50.738,50.738,0.000) (49.262,50.738,0.000)
243.333 (49.026,49.026,0.000) (50.974,49.026,0.000) (50.974,50.974,0.000) (49.026,50.974,0.000)
244.166 (49.262,49.262,0.000) (50.738,49.262,0.000) (50.738,50.738,0.000) (49.262,50.738,0.000)
244.999 (49.026,49.026,0.000) (50.974,49.026,0.000) (50.974,50.974,0.000) (49.026,50.974,0.000)
245.833 (49.262,49.262,0.000) (50.738,49.262,0.000) (50.738,50.738,0.000) (49.262,50.738,0.000)
246.666 (49.026,49.026,0.000) (50.974,49.026,0.000) (50.974,50.974,0.000) (49.026,50.974,0.000)
247.499 (49.262,49.262,0.000) (50.738,49.262,0.000) (50.738,50.738,0.000) (49.262,50.738,0.000)
248.333 (49.026,49.026,0.000) (50.974,49.026,0.000) (50.974,50.974,0.000) (49.026,50.974,0.000)
249.166 (49.262,49.262,0.000) (50.738,49.262,0.000) (50.738,50.738,0.000) (49.262,50.738,0.000)
249.999 (49.026,49.026,0.000) (50.974,49.026,0.000) (50.974,50.974,0.000) (49.026,50.974,0.000)
250.833 (49.262,49.262,0.000) (50.738,49.262,0.000) (50.738,50.738,0.000) (49.262,50.738,0.000)
251.666 (49.026,49.026,0.000) (50.974,49.026,0.000) (50.974,50.974,0.000) (49.026,50.974,0.000)
252.499 (49.262,49.262,0.000) (50.738,49.262,0.000) (50.738,50.738,0.000) (49.262,50.738,0.000)
253.333 (49.026,49.026,0.000) (50.974,49.026,0.000) (50.974,50.974,0.000) (49.026,50.974,0.000)
254.166 (49.262,49.262,0.000) (50.738,49.262,0.000) (50.738,50.738,0.000) (49.262,50.738,0.000)
254.999 (49.026,49.026,0.000) (50.974,49.026,0.000) (50.974,50.974,0.000) (49.026,50.974,0.000)
255.833 (49.262,49.262,0.000) (50.738,49.262,0.000) (50.738,50.738,0.000) (49.262,50.738,0.000)
256.666 (49.026,49.026,0.000) (50.974,49.026,0.000) (50.974,50.974,0.000) (49.026,50.974,0.000)
257.499 (49.262,49.262,0.000) (50.738,49.262,0.000) (50.738,50.738,0.000) (49.262,50.738,0.000)
258.333 (49.026,49.026,0.000) (50.974,49.026,0.000) (50.974,50.974,0.000) (49.026,50.974,0.000)
259.166 (49.262,49.262,0.000) (50.738,49.262,0.000) (50.738,50.738,0.000) (49.262,50.738,0.000)
259.999 (49.026,49.026,0.000) (50.974,49.026,0.000) (50.974,50.974,0.000) (49.026,50.974,0.000)
260.833 (49.262,49.262,0.000) (50.738,49.262,0.000) (50.738,50.738,0.000) (49.262,50.738,0.000)
261.666 (49.026,49.026,0.000) (50.974,49.026,0.000) (50.974,50.974,0.000) (49.026,50.974,0.000)
262.499 (49.262,49.262,0.000) (50.738,49.262,0.000) (50.738,50.738,0.000) (49.262,50.738,0.000)
263.333 (49.026,49.026,0.000) (50.974,49.026,0.000) (50.974,50.974,0.000) (49.026,50.974,0.000)
264.166 (49.262,49.262,0.000) (50.738,49.262,0.000) (50.738,50.738,0.000) (49.262,50.738,0.000)
264.999 (49.026,49.026,0.000) (50.974,49.026,0.000) (50.974,50.974,0.000) (49.026,50.974,0.000)
265.833 (49.262,49.262,0.000) (50.738,49.262,0.000) (50.738,50.738,0.000) (49.262,50.738,0.000)
266.666 (49.026,49.026,0.000) (50.974,49.026,0.000) (50.974,50.974,0.000) (49.026,50.974,0.000)
267.500 (49.262,49.262,0.000) (50.738,49.262,0.000) (50.738,50.738,0.000) (49.262,50.738,0.000)
268.333 (49.026,49.026,0.000) (50.974,49.026,0.000) (50.974,50.974,0.000) (49.026,50.974,0.000)
269.166 (49.262,49.262,0.000) (50.738,49.262,0.000) (50.738,50.738,0.000) (49.262,50.738,0.000)
270.000 (49.026,49.026,0.000) (50.974,49.026,0.000) (50.974,50.974,0.000) (49.026,50.974,0.000)
270.833 (49.262,49.262,0.000) (50.738,49.262,0.000) (50.738,50.738,0.000) (49.262,50.738,0.000)
271.666 (49.026,49.026,0.000) (50.974,49.026,0.000) (50.974,50.974,0.000) (49.026,50.974,0.000)
272.500 (49.262,49.262,0.000) (50.738,49.262,0.000) (50.738,50.738,0.000) (49.262,50.738,0.000)
273.333 (49.026,49.026,0.000) (50.974,49.026,0.000) (50.974,50.974,0.000) (49.026,50.974,0.000)
274.166 (49.262,49.262,0.000) (50.738,49.262,0.000) (50.738,50.738,0.000) (49.262,50.738,0.000)
275.000 (49.026,49.026,0.000) (50.974,49.026,0.000) (50.974,50.974,0.000) (49.026,50.974,0.000)
275.833 (49.262,49.262,0.000) (50.738,49.262,0.000) (50.738,50.738,0.000) (49.262,50.738,0.000)
276.666 (49.026,49.026,0.000) (50.974,49.026,0.000) (50.974,50.974,0.000) (49.026,50.974,0.000)
277.500 (49.262,49.262,0.000) (50.738,49.262,0.000) (50.738,50.738,0.000) (49.262,50.738,0.000)
278.333 (49.026,49.026,0.000) (50.974,49.026,0.000) (50.974,50.974,0.000) (49.026,50.974,0.000)
279.166 (49.262,49.262,0.000) (50.738,49.262,0.000) (50.738,50.738,0.000) (49.262,50.738,0.000)
280.000 (49.026,49.026,0.000) (50.974,49.026,0.000) (50.974,50.974,0.000) (49.026,50.974,0.000)
280.833 (49.262,49.262,0.000) (50.738,49.262,0.000) (50.738,50.738,0.000) (49.262,50.738,0.000)
281.666 (49.026,49.026,0.000) (50.974,49.026,0.000) (50.974,50.974,0.000) (49.026,50.974,0.000)
282.500 (49.262,49.262,0.000) (50.738,49.262,0.000) (50.738,50.738,0.000) (49.262,50.738,0.000)
283.333 (49.026,49.026,0.000) (50.974,49.026,0.000) (50.974,50.974,0.000) (49.026,50.974,0.000)
284.166 (49.262,49.262,0.000) (50.738,49.262,0.000) (50.738,50.738,0.000) (49.262,50.738,0.000)
285.000 (49.026,49.026,0.000) (50.974,49.026,0.000) (50.974,50.974,0.000) (49.026,50.974,0.000)
285.833 (49.262,49.262,0.000) (50.738,49.262,0.000) (50.738,50.738,0.000) (49.262,50.738,0.000)
286.666 (49.026,49.026,0.000) (50.974,49.026,0.000) (50.974,50.974,0.000) (49.026,50.974,0.000)
287.500 (49.262,49.262,0.000) (50.738,49.262,0.000) (50.738,50.738,0.000) (49.262,50.738,0.000)
288.333 (49.026,49.026,0.000) (50.974,49.026,0.000) (50.974,50.974,0.000) (49.026,50.974,0.000)
289.166 (49.262,49.262,0.000) (50.738,49.262,0.000) (50.738,50.738,0.000) (49.262,50.738,0.000)
290.000 (49.026,49.026,0.000) (50.974,49.026,0.000) (50.974,50.974,0.000) (49.026,50.974,0.000)
290.833 (49.262,49.262,0.000) (50.738,49.262,0.000) (50.738,50.738,0.000) (49.262,50.738,0.000)
291.666 (49.026,49.026,0.000) (50.974,49.026,0.000) (50.974,50.974,0.000) (49.026,50.974,0.000)
292.500 (49.262,49.262,0.000) (50.738,49.262,0.000) (50.738,50.738,0.000) (49.262,50.738,0.000)
293.333 (49.026,49.026,0.000) (50.974,49.026,0.000) (50.974,50.974,0.000) (49.026,50.974,0.000)
294.167 (49.262,49.262,0.000) (50.738,49.262,0.000) (50.738,50.738,0.000) (49.262,50.738,0.000)
295.000 (49.026,49.026,0.000) (50.974,49.026,0.000) (50.974,50.974,0.000) (49.026,50.974,0.000)
295.833 (49.262,49.262,0.000) (50.738,49.262,0.000) (50.738,50.738,0.000) (49.262,50.738,0.000)
296.667 (49.026,49.026,0.000) (50.974,49.026,0.000) (50.974,50.974,0.000) (49.026,50.974,0.000)
297.500 (49.262,49.262,0.000) (50.738,49.262,0.000) (50.738,50.738,0.000) (49.262,50.738,0.000)
298.333 (49.026,49.026,0.000) (50.974,49.026,0.000) (50.974,50.974,0.000) (49.026,50.974,0.000)
299.167 (49.262,49.262,0.000) (50.738,49.262,0.000) (50.738,50.738,0.000) (49.262,50.738,0.000)
300.000 (49.026,49.026,0.000) (50.974,49.026,0.000) (50.974,50.974,0.000) (49.026,50.974,0.000)
300.833 (49.262,49.262,0.000) (50.738,49.262,0.000) (50.738,50.738,0.000) (49.262,50.738,0.000)
301.667 (49.026,49.026,0.000) (50.974,49.026,0.000) (50.974,50.974,0.000) (49.026,50.974,0.000)
302.500 (49.262,49.262,0.000) (50.738,49.262,0.000) (50.738,50.738,0.000) (49.262,50.738,0.000)
303.333 (49.026,49.026,0.000) (50.974,49.026,0.000) (50.974,50.974,0.000) (49.026,50.974,0.000)
304.167 (49.262,49.262,0.000) (50.738,49.262,0.000) (50.738,50.738,0.000) (49.262,50.738,0.000)
305.000 (49.026,49.026,0.000) (50.974,49.026,0.000) (50.974,50.974,0.000) (49.026,50.974,0.000)
305.833 (49.262,49.262,0.000) (50.738,49.262,0.000) (50.738,50.738,0.000) (49.262,50.738,0.000)
306.667 (49.026,49.026,0.000) (50.974,49.026,0.000) (50.974,50.974,0.000) (49.026,50.974,0.000)
307.500 (49.262,49.262,0.000) (50.738,49.262,0.000) (50.738,50.738,0.000) (49.262,50.738,0.000)
308.333 (49.026,49.026,0.000) (50.974,49.026,0.000) (50.974,50.974,0.000) (49.026,50.974,0.000)
309.167 (49.262,49.262,0.000) (50.738,49.262,0.000) (50.738,50.738,0.000) (49.262,50.738,0.000)
310.000 (49.026,49.026,0.000) (50.974,49.026,0.000) (50.974,50.974,0.000) (49.026,50.974,0.000)
310.833 (49.262,49.262,0.000) (50.738,49.262,0.000) (50.738,50.738,0.000) (49.262,50.738,0.000)
311.667 (49.026,49.026,0.000) (50.974,49.026,0.000) (50.974,50.974,0.000) (49.026,50.974,0.000)
312.500 (49.262,49.262,0.000) (50.738,49.262,0.000) (50.738,50.738,0.000) (49.262,50.738,0.000)
313.333 (49.026,49.026,0.000) (50.974,49.026,0.000) (50.974,50.974,0.000) (49.026,50.974,0.000)
314.167 (49.262,49.262,0.000) (50.738,49.262,0.000) (50.738,50.738,0.000) (49.262,50.738,0.000)
315.000 (49.026,49.026,0.000) (50.974,49.026,0.000) (50.974,50.974,0.000) (49.026,50.974,0.000)
315.833 (49.262,49.262,0.000) (50.738,49.262,0.000) (50.738,50.738,0.000) (49.262,50.738,0.000)
316.667 (49.026,49.026,0.000) (50.974,49.026,0.000) (50.974,50.974,0.000) (49.026,50.974,0.000)
317.500 (49.262,49.262,0.000) (50.738,49.262,0.000) (50.738,50.738,0.000) (49.262,50.738,0.000)
318.333 (49.026,49.026,0.000) (50.974,49.026,0.000) (50.974,50.974,0.000) (49.026,50.974,0.000)
319.167 (49.262,49.262,0.000) (50.738,49.262,0.000) (50.738,50.738,0.000) (49.262,50.738,0.000)
320.000 (49.026,49.026,0.000) (50.974,49.026,0.000) (50.974,50.974,0.000) (49.026,50.974,0.000)
320.833 (49.262,49.262,0.000) (50.738,49.262,0.000) (50.738,50.738,0.000) (49.262,50.738,0.000)
321.667 (49.026,49.026,0.000) (50.974,49.026,0.000) (50.974,50.974,0.000) (49.026,50.974,0.000)
322.500 (49.262,49.262,0.000) (50.738,49.262,0.000) (50.738,50.738,0.000) (49.262,50.738,0.000)
323.334 (49.026,49.026,0.000) (50.974,49.026,0.000) (50.974,50.974,0.000) (49.026,50.974,0.000)
324.167 (49.262,49.262,0.000) (50.738,49.262,0.000) (50.738,50.738,0.000) (49.262,50.738,0.000)
325.000 (49.026,49.026,0.000) (50.974,49.026,0.000) (50.974,50.974,0.000) (49.026,50.974,0.000)
325.834 (49.262,49.262,0.000) (50.738,49.262,0.000) (50.738,50.738,0.000) (49.262,50.738,0.000)
326.667 (49.026,49.026,0.000) (50.974,49.026,0.000) (50.974,50.974,0.000) (49.026,50.974,0.000)
327.500 (49.262,49.262,0.000) (50.738,49.262,0.000) (50.738,50.738,0.000) (49.262,50.738,0.000)
328.334 (49.026,49.026,0.000) (50.974,49.026,0.000) (50.974,50.974,0.000) (49.026,50.974,0.000)
329.167 (49.262,49.262,0.000) (50.738,49.262,0.000) (50.738,50.738,0.000) (49.262,50.738,0.000)
330.000 (49.026,49.026,0.000) (50.974,49.026,0.000) (50.974,50.974,0.000) (49.026,50.974,0.000)
330.834 (49.262,49.262,0.000) (50.738,49.262,0.000) (50.738,50.738,0.000) (49.262,50.738,0.000)
331.667 (49.026,49.026,0.000) (50.974,49.026,0.000) (50.974,50.974,0.000) (49.026,50.974,0.000)
332.500 (49.262,49.262,0.000) (50.738,49.262,0.000) (50.738,50.738,0.000) (49.262,50.738,0.000)
333.334 (49.026,49.026,0.000) (50.974,49.026,0.000) (50.974,50.974,0.000) (49.026,50.974,0.000)
