9.98334 0 99.5004 0 0 0
-0.0261661 9.98331 99.5004 0 0 0
-9.9832 -0.052332 99.5004 0 0 0
0.0784988 -9.98303 99.5004 0 0 0
19.8669 0 98.0067 0 0 0
13.974 14.1217 98.0067 0 0 0
-0.209016 19.8658 98.0067 0 0 0
-14.268 13.8246 98.0067 0 0 0
-19.8625 -0.418008 98.0067 0 0 0
-13.6737 -14.4126 98.0067 0 0 0
0.626952 -19.857 98.0067 0 0 0
14.5557 -13.5213 98.0067 0 0 0
29.552 0 95.5337 0 0 0
25.4747 14.9787 95.5337 0 0 0
14.3679 25.8241 95.5337 0 0 0
-0.703619 29.5436 95.5337 0 0 0
-15.581 25.1109 95.5337 0 0 0
-26.1589 13.749 95.5337 0 0 0
-29.5185 -1.40684 95.5337 0 0 0
-24.7328 -16.1744 95.5337 0 0 0
-13.1222 -26.4788 95.5337 0 0 0
2.10925 -29.4767 95.5337 0 0 0
16.7587 -24.3407 95.5337 0 0 0
26.7838 -12.4881 95.5337 0 0 0
38.9418 0 92.1061 0 0 0
35.8165 15.2854 92.1061 0 0 0
26.9421 28.1174 92.1061 0 0 0
13.7432 36.4361 92.1061 0 0 0
-1.66166 38.9064 92.1061 0 0 0
-16.7998 35.1316 92.1061 0 0 0
-29.2414 25.7178 92.1061 0 0 0
-36.9894 12.176 92.1061 0 0 0
-38.8 -3.32029 92.1061 0 0 0
-34.3828 -18.2836 92.1061 0 0 0
-24.4467 -30.3122 92.1061 0 0 0
-10.5865 -37.4752 92.1061 0 0 0
4.97288 -38.623 92.1061 0 0 0
19.7341 -33.5713 92.1061 0 0 0
31.3277 -23.131 92.1061 0 0 0
37.8928 -8.97781 92.1061 0 0 0
47.9426 0 87.7583 0 0 0
45.3922 15.4284 87.7583 0 0 0
38.0125 29.2154 87.7583 0 0 0
26.5885 39.8941 87.7583 0 0 0
12.3358 46.3284 87.7583 0 0 0
-3.22939 47.8337 87.7583 0 0 0
-18.451 44.2499 87.7583 0 0 0
-31.7095 35.9582 87.7583 0 0 0
-41.5945 23.8409 87.7583 0 0 0
-47.0541 9.18713 87.7583 0 0 0
-47.5075 -6.4441 87.7583 0 0 0
-42.9065 -21.3897 87.7583 0 0 0
-33.7406 -34.0597 87.7583 0 0 0
-20.985 -43.1059 87.7583 0 0 0
-5.99671 -47.566 87.7583 0 0 0
9.62954 -46.9655 87.7583 0 0 0
24.2313 -41.3683 87.7583 0 0 0
36.255 -31.3697 87.7583 0 0 0
44.4215 -18.0337 87.7583 0 0 0
47.8619 -2.77908 87.7583 0 0 0
56.4642 0 82.5336 0 0 0
54.2934 15.5061 82.5336 0 0 0
47.9477 29.8199 82.5336 0 0 0
37.9152 41.8408 82.5336 0 0 0
24.9672 50.6444 82.5336 0 0 0
10.0994 55.5537 82.5336 0 0 0
-5.54499 56.1913 82.5336 0 0 0
-20.763 52.5082 82.5336 0 0 0
-34.3844 44.7875 82.5336 0 0 0
-45.362 33.623 82.5336 0 0 0
-52.8514 19.873 82.5336 0 0 0
-56.277 4.59497 82.5336 0 0 0
-55.3752 -11.0364 82.5336 0 0 0
-50.2154 -25.8191 82.5336 0 0 0
-41.1943 -38.6166 82.5336 0 0 0
-29.0057 -48.4446 82.5336 0 0 0
-14.5868 -54.5476 82.5336 0 0 0
0.953855 -56.4562 82.5336 0 0 0
16.4211 -54.0237 82.5336 0 0 0
30.6257 -47.4371 82.5336 0 0 0
42.4753 -37.2029 82.5336 0 0 0
51.0589 -24.1081 82.5336 0 0 0
55.7164 -9.15946 82.5336 0 0 0
64.4218 0 76.4842 0 0 0
62.5162 15.5528 76.4842 0 0 0
56.9122 30.1855 76.4842 0 0 0
47.9414 43.0324 76.4842 0 0 0
36.1344 53.3336 76.4842 0 0 0
22.1897 60.4796 76.4842 0 0 0
6.93226 64.0477 76.4842 0 0 0
-8.73527 63.8268 76.4842 0 0 0
-23.886 59.83 76.4842 0 0 0
-37.6237 52.2936 76.4842 0 0 0
-49.1356 41.6636 76.4842 0 0 0
-57.7407 28.5689 76.4842 0 0 0
-62.9298 13.784 76.4842 0 0 0
-64.3962 -1.8163 76.4842 0 0 0
-62.0529 -17.3092 76.4842 0 0 0
-56.0386 -31.778 76.4842 0 0 0
-46.7091 -44.367 76.4842 0 0 0
-34.6163 -54.3312 76.4842 0 0 0
-20.4757 -61.0812 76.4842 0 0 0
-5.12374 -64.2177 76.4842 0 0 0
10.5313 -63.5551 76.4842 0 0 0
25.5634 -59.1327 76.4842 0 0 0
39.0831 -51.2121 76.4842 0 0 0
50.2907 -40.2618 76.4842 0 0 0
58.5232 -26.9296 76.4842 0 0 0
63.2935 -12.0043 76.4842 0 0 0
71.7356 0 69.6707 0 0 0
70.0227 15.5827 69.6707 0 0 0
64.9657 30.4213 69.6707 0 0 0
56.8062 43.807 69.6707 0 0 0
45.9338 55.1007 69.6707 0 0 0
32.8677 63.7629 69.6707 0 0 0
18.232 69.3801 69.6707 0 0 0
2.72563 71.6838 69.6707 0 0 0
-12.9109 70.5642 69.6707 0 0 0
-27.9309 66.0747 69.6707 0 0 0
-41.617 58.4296 69.6707 0 0 0
-53.3156 47.9942 69.6707 0 0 0
-62.4681 35.2667 69.6707 0 0 0
-68.6372 20.855 69.6707 0 0 0
-71.5285 5.44732 69.6707 0 0 0
-71.0038 -10.2205 69.6707 0 0 0
-67.0882 -25.4002 69.6707 0 0 0
-59.9687 -39.3669 69.6707 0 0 0
-49.9853 -51.4536 69.6707 0 0 0
-37.6148 -61.083 69.6707 0 0 0
-23.4478 -67.7953 69.6707 0 0 0
-8.16113 -71.2699 69.6707 0 0 0
7.51531 -71.3409 69.6707 0 0 0
22.8328 -68.0049 69.6707 0 0 0
37.0599 -61.4212 69.6707 0 0 0
49.5172 -51.9042 69.6707 0 0 0
59.6097 -39.9085 69.6707 0 0 0
66.8554 -26.0068 69.6707 0 0 0
70.9083 -10.8632 69.6707 0 0 0
78.3327 0 62.161 0 0 0
76.763 15.6029 62.161 0 0 0
72.1169 30.5805 62.161 0 0 0
64.5805 44.3325 62.161 0 0 0
54.4559 56.3078 62.161 0 0 0
42.1489 66.0264 62.161 0 0 0
28.1527 73.0988 62.161 0 0 0
13.0281 77.2417 62.161 0 0 0
-2.61851 78.2889 62.161 0 0 0
-18.1602 76.1985 62.161 0 0 0
-32.9741 71.0543 62.161 0 0 0
-46.4665 63.0625 62.161 0 0 0
-58.0966 52.5432 62.161 0 0 0
-67.3984 39.9182 62.161 0 0 0
-73.9991 25.6934 62.161 0 0 0
-77.634 10.4388 62.161 0 0 0
-78.1576 -5.2341 62.161 0 0 0
-75.5489 -20.6972 62.161 0 0 0
-69.9124 -35.3309 62.161 0 0 0
-61.4739 -48.5486 62.161 0 0 0
-50.5718 -59.8206 62.161 0 0 0
-37.6429 -68.6951 62.161 0 0 0
-23.2054 -74.8166 62.161 0 0 0
-7.83783 -77.9396 62.161 0 0 0
7.84381 -77.939 62.161 0 0 0
23.2111 -74.8148 62.161 0 0 0
37.6482 -68.6923 62.161 0 0 0
50.5764 -59.8167 62.161 0 0 0
61.4777 -48.5439 62.161 0 0 0
69.9151 -35.3255 62.161 0 0 0
75.5505 -20.6914 62.161 0 0 0
78.158 -5.2281 62.161 0 0 0
84.1471 0 54.0302 0 0 0
82.6852 15.6169 54.0302 0 0 0
78.3504 30.6912 54.0302 0 0 0
71.2933 44.6991 54.0302 0 0 0
61.759 57.1539 54.0302 0 0 0
50.0789 67.6228 54.0302 0 0 0
36.6587 75.7422 54.0302 0 0 0
21.9648 81.2298 54.0302 0 0 0
6.50776 83.8951 54.0302 0 0 0
-9.17542 83.6454 54.0302 0 0 0
-24.5398 80.4893 54.0302 0 0 0
-39.0515 74.5367 54.0302 0 0 0
-52.2064 65.9942 54.0302 0 0 0
-63.5473 55.1587 54.0302 0 0 0
-72.6802 42.4066 54.0302 0 0 0
-79.2878 28.1812 54.0302 0 0 0
-83.1405 12.9765 54.0302 0 0 0
-84.1045 -2.67899 54.0302 0 0 0
-82.1461 -18.2414 54.0302 0 0 0
-77.3336 -33.1701 54.0302 0 0 0
-69.834 -46.9462 54.0302 0 0 0
-59.9081 -59.0911 54.0302 0 0 0
-47.9005 -69.1829 54.0302 0 0 0
-34.2287 -76.8709 54.0302 0 0 0
-19.3676 -81.8879 54.0302 0 0 0
-3.83349 -84.0597 54.0302 0 0 0
11.8338 -83.3108 54.0302 0 0 0
27.0899 -79.6673 54.0302 0 0 0
41.4048 -73.2556 54.0302 0 0 0
54.2809 -64.2986 54.0302 0 0 0
65.2711 -53.1076 54.0302 0 0 0
73.9935 -40.0712 54.0302 0 0 0
80.1448 -25.6426 54.0302 0 0 0
83.5115 -10.323 54.0302 0 0 0
89.1207 0 45.3596 0 0 0
87.74 15.6268 45.3596 0 0 0
83.6406 30.7693 45.3596 0 0 0
76.9496 44.9585 45.3596 0 0 0
67.8743 57.7546 45.3596 0 0 0
56.6958 68.7611 45.3596 0 0 0
43.7606 77.6371 45.3596 0 0 0
29.4695 84.1074 45.3596 0 0 0
14.2652 87.9716 45.3596 0 0 0
-1.38108 89.11 45.3596 0 0 0
-16.9846 87.4873 45.3596 0 0 0
-32.0618 83.1538 45.3596 0 0 0
-46.1455 76.2437 45.3596 0 0 0
-58.7995 66.9711 45.3596 0 0 0
-69.6315 55.6234 45.3596 0 0 0
-78.3059 42.5522 45.3596 0 0 0
-84.554 28.1625 45.3596 0 0 0
-88.1821 12.9002 45.3596 0 0 0
-89.0779 -2.76183 45.3596 0 0 0
-87.2136 -18.3383 45.3596 0 0 0
-82.6469 -33.3466 45.3596 0 0 0
-75.5194 -47.3215 45.3596 0 0 0
-66.0518 -59.8303 45.3596 0 0 0
-54.5377 -70.4851 45.3596 0 0 0
-41.3336 -78.9559 45.3596 0 0 0
-26.8488 -84.9803 45.3596 0 0 0
-11.5321 -88.3715 45.3596 0 0 0
4.14192 -89.0244 45.3596 0 0 0
19.6877 -86.9189 45.3596 0 0 0
34.6233 -82.1202 45.3596 0 0 0
48.4862 -74.777 45.3596 0 0 0
60.8466 -65.1168 45.3596 0 0 0
71.3218 -53.4389 45.3596 0 0 0
79.587 -40.1051 45.3596 0 0 0
85.3861 -25.5287 45.3596 0 0 0
88.5396 -10.1612 45.3596 0 0 0
93.2039 0 36.2358 0 0 0
91.8834 15.6337 36.2358 0 0 0
87.9592 30.8244 36.2358 0 0 0
81.5426 45.1417 36.2358 0 0 0
72.8154 58.1798 36.2358 0 0 0
62.0249 69.5693 36.2358 0 0 0
49.4768 78.9875 36.2358 0 0 0
35.5267 86.1674 36.2358 0 0 0
20.5699 90.9057 36.2358 0 0 0
5.03024 93.0681 36.2358 0 0 0
-10.652 92.5932 36.2358 0 0 0
-26.0323 89.4946 36.2358 0 0 0
-40.675 83.8601 36.2358 0 0 0
-54.1651 75.8492 36.2358 0 0 0
-66.1204 65.6891 36.2358 0 0 0
-76.2021 53.6676 36.2358 0 0 0
-84.1245 40.1254 36.2358 0 0 0
-89.6631 25.4461 36.2358 0 0 0
-92.6609 10.0458 36.2358 0 0 0
-93.0332 -5.63915 36.2358 0 0 0
-90.7692 -21.1643 36.2358 0 0 0
-85.9331 -36.0898 36.2358 0 0 0
-78.662 -49.9926 36.2358 0 0 0
-69.1619 -62.4788 36.2358 0 0 0
-57.7021 -73.1945 36.2358 0 0 0
-44.6071 -81.8363 36.2358 0 0 0
-30.2481 -88.159 36.2358 0 0 0
-15.0321 -91.9837 36.2358 0 0 0
0.609934 -93.2019 36.2358 0 0 0
16.2346 -91.7791 36.2358 0 0 0
31.3993 -87.7556 36.2358 0 0 0
45.6743 -81.2455 36.2358 0 0 0
58.655 -72.4331 36.2358 0 0 0
69.9737 -61.5683 36.2358 0 0 0
79.3096 -48.9588 36.2358 0 0 0
86.3981 -34.962 36.2358 0 0 0
91.0384 -19.9746 36.2358 0 0 0
93.099 -4.42112 36.2358 0 0 0
96.3558 0 26.7499 0 0 0
95.0783 15.6385 26.7499 0 0 0
91.2796 30.8623 26.7499 0 0 0
85.0605 45.2677 26.7499 0 0 0
76.5858 58.4728 26.7499 0 0 0
66.0803 70.1273 26.7499 0 0 0
53.8225 79.9223 26.7499 0 0 0
40.1376 87.5981 26.7499 0 0 0
25.3883 92.9509 26.7499 0 0 0
9.96586 95.8391 26.7499 0 0 0
-5.72089 96.1858 26.7499 0 0 0
-21.2559 93.9821 26.7499 0 0 0
-36.2273 89.2862 26.7499 0 0 0
-50.2381 82.2227 26.7499 0 0 0
-62.9167 72.979 26.7499 0 0 0
-73.927 61.8001 26.7499 0 0 0
-82.9769 48.9824 26.7499 0 0 0
-89.8266 34.8659 26.7499 0 0 0
-94.2943 19.8248 26.7499 0 0 0
-96.2617 4.25808 26.7499 0 0 0
-95.6765 -11.4216 26.7499 0 0 0
-92.5543 -26.7984 26.7499 0 0 0
-86.9778 -41.4646 26.7499 0 0 0
-79.0949 -55.0312 26.7499 0 0 0
-69.1147 -67.1387 26.7499 0 0 0
-57.3018 -77.4658 26.7499 0 0 0
-43.9695 -85.7387 26.7499 0 0 0
-29.4711 -91.7382 26.7499 0 0 0
-14.1913 -95.305 26.7499 0 0 0
1.4647 -96.3447 26.7499 0 0 0
17.082 -94.8296 26.7499 0 0 0
32.2463 -90.7999 26.7499 0 0 0
46.5555 -84.3625 26.7499 0 0 0
59.6302 -75.688 26.7499 0 0 0
71.1238 -65.0066 26.7499 0 0 0
80.7313 -52.6014 26.7499 0 0 0
88.1981 -38.8014 26.7499 0 0 0
93.3261 -23.9724 26.7499 0 0 0
95.9795 -8.50784 26.7499 0 0 0
98.545 0 16.9967 0 0 0
97.2957 15.6415 16.9967 0 0 0
93.5796 30.8865 16.9967 0 0 0
87.4908 45.3483 16.9967 0 0 0
79.1838 58.6604 16.9967 0 0 0
68.8691 70.4852 16.9967 0 0 0
56.8083 80.5229 16.9967 0 0 0
43.3071 88.519 16.9967 0 0 0
28.708 94.2707 16.9967 0 0 0
13.381 97.6323 16.9967 0 0 0
-2.28534 98.5185 16.9967 0 0 0
-17.8937 96.9068 16.9967 0 0 0
-33.0484 92.8381 16.9967 0 0 0
-47.3651 86.4156 16.9967 0 0 0
-60.481 77.8021 16.9967 0 0 0
-72.0634 67.216 16.9967 0 0 0
-81.8186 54.9256 16.9967 0 0 0
-89.4995 41.2427 16.9967 0 0 0
-94.9111 26.514 16.9967 0 0 0
-97.9163 11.1132 16.9967 0 0 0
-98.439 -4.56945 16.9967 0 0 0
-96.4658 -20.1362 16.9967 0 0 0
-92.0467 -35.1925 16.9967 0 0 0
-85.2939 -49.3564 16.9967 0 0 0
-76.3786 -62.269 16.9967 0 0 0
-65.5267 -73.6028 16.9967 0 0 0
-53.0134 -83.0704 16.9967 0 0 0
-39.156 -90.4319 16.9967 0 0 0
-24.3058 -95.5005 16.9967 0 0 0
-8.83945 -98.1477 16.9967 0 0 0
6.8511 -98.3065 16.9967 0 0 0
22.3679 -95.9729 16.9967 0 0 0
37.3177 -91.2058 16.9967 0 0 0
51.3212 -84.1264 16.9967 0 0 0
64.0236 -74.9139 16.9967 0 0 0
75.1026 -63.8021 16.9967 0 0 0
84.2775 -51.0727 16.9967 0 0 0
91.3156 -37.0483 16.9967 0 0 0
96.0385 -22.0846 16.9967 0 0 0
98.3263 -6.56093 16.9967 0 0 0
99.7495 0 7.0737 0 0 0
98.5153 15.6431 7.0737 0 0 0
94.8431 30.8991 7.0737 0 0 0
88.8238 45.3905 7.0737 0 0 0
80.6064 58.7585 7.0737 0 0 0
70.3943 70.6725 7.0737 0 0 0
58.4401 80.8376 7.0737 0 0 0
45.0397 89.0022 7.0737 0 0 0
30.5247 94.9642 7.0737 0 0 0
15.2544 98.5762 7.0737 0 0 0
-0.393491 99.7487 7.0737 0 0 0
-16.0316 98.4528 7.0737 0 0 0
-31.273 94.7204 7.0737 0 0 0
-45.7405 88.6441 7.0737 0 0 0
-59.0761 80.374 7.0737 0 0 0
-70.9497 70.115 7.0737 0 0 0
-81.0675 58.1208 7.0737 0 0 0
-89.1791 44.6883 7.0737 0 0 0
-95.0839 30.1499 7.0737 0 0 0
-98.6356 14.8654 7.0737 0 0 0
-99.7464 -0.786975 7.0737 0 0 0
-98.3888 -16.4199 7.0737 0 0 0
-94.5963 -31.6464 7.0737 0 0 0
-88.4629 -46.0898 7.0737 0 0 0
-80.1403 -59.3927 7.0737 0 0 0
-69.8345 -71.2257 7.0737 0 0 0
-57.8005 -81.2961 7.0737 0 0 0
-44.3361 -89.3547 7.0737 0 0 0
-29.7746 -95.2021 7.0737 0 0 0
-14.4762 -98.6935 7.0737 0 0 0
1.18042 -99.7425 7.0737 0 0 0
16.8079 -98.3232 7.0737 0 0 0
32.0194 -94.4707 7.0737 0 0 0
46.4384 -88.2804 7.0737 0 0 0
59.7083 -79.9054 7.0737 0 0 0
71.5007 -69.553 7.0737 0 0 0
81.5235 -57.4794 7.0737 0 0 0
89.5289 -43.9833 7.0737 0 0 0
95.3188 -29.3988 7.0737 0 0 0
98.7498 -14.0867 7.0737 0 0 0
99.9574 0 -2.91998 0 0 0
98.7257 15.6434 -2.91998 0 0 0
95.061 30.9013 -2.91998 0 0 0
89.0535 45.3976 -2.91998 0 0 0
80.8514 58.7751 -2.91998 0 0 0
70.6568 70.7042 -2.91998 0 0 0
58.7209 80.8908 -2.91998 0 0 0
45.3379 89.0839 -2.91998 0 0 0
30.8376 95.0816 -2.91998 0 0 0
15.5772 98.7361 -2.91998 0 0 0
-0.0669833 99.9573 -2.91998 0 0 0
-15.7096 98.7152 -2.91998 0 0 0
-30.965 95.0402 -2.91998 0 0 0
-45.4573 89.0231 -2.91998 0 0 0
-58.8293 80.812 -2.91998 0 0 0
-70.7515 70.6094 -2.91998 0 0 0
-80.9302 58.6667 -2.91998 0 0 0
-89.1143 45.2782 -2.91998 0 0 0
-95.1023 30.7738 -2.91998 0 0 0
-98.7466 15.5111 -2.91998 0 0 0
-99.9573 -0.133967 -2.91998 0 0 0
-98.7046 -15.7757 -2.91998 0 0 0
-95.0195 -31.0286 -2.91998 0 0 0
-88.9926 -45.5169 -2.91998 0 0 0
-80.7726 -58.8834 -2.91998 0 0 0
-70.562 -70.7988 -2.91998 0 0 0
-58.6125 -80.9694 -2.91998 0 0 0
-45.2185 -89.1446 -2.91998 0 0 0
-30.7101 -95.1229 -2.91998 0 0 0
-15.4449 -98.7569 -2.91998 0 0 0
0.20095 -99.9572 -2.91998 0 0 0
15.8418 -98.694 -2.91998 0 0 0
31.0923 -94.9986 -2.91998 0 0 0
45.5765 -88.9621 -2.91998 0 0 0
58.9376 -80.7331 -2.91998 0 0 0
70.8461 -70.5146 -2.91998 0 0 0
81.0087 -58.5582 -2.91998 0 0 0
89.1749 -45.1588 -2.91998 0 0 0
95.1434 -30.6464 -2.91998 0 0 0
98.7673 -15.3787 -2.91998 0 0 0
99.1665 0 -12.8845 0 0 0
97.925 15.6424 -12.8845 0 0 0
94.2317 30.8931 -12.8845 0 0 0
88.179 45.3703 -12.8845 0 0 0
79.9184 58.7115 -12.8845 0 0 0
69.6569 70.5827 -12.8845 0 0 0
57.6512 80.6866 -12.8845 0 0 0
44.2021 88.7703 -12.8845 0 0 0
29.6462 94.6313 -12.8845 0 0 0
14.3481 98.123 -12.8845 0 0 0
-1.30928 99.1578 -12.8845 0 0 0
-16.9339 97.7099 -12.8845 0 0 0
-32.1345 93.8156 -12.8845 0 0 0
-46.5305 87.5723 -12.8845 0 0 0
-59.7615 79.1363 -12.8845 0 0 0
-71.4962 68.7189 -12.8845 0 0 0
-81.4407 56.5809 -12.8845 0 0 0
-89.3461 43.0262 -12.8845 0 0 0
-95.0145 28.3943 -12.8845 0 0 0
-98.3039 13.0514 -12.8845 0 0 0
-99.1319 -2.61832 -12.8845 0 0 0
-97.4779 -18.2225 -12.8845 0 0 0
-93.3831 -33.3703 -12.8845 0 0 0
-86.9503 -47.6827 -12.8845 0 0 0
-78.3404 -60.8011 -12.8845 0 0 0
-67.769 -72.3972 -12.8845 0 0 0
-55.5007 -82.1806 -12.8845 0 0 0
-41.8429 -89.9064 -12.8845 0 0 0
-27.1373 -95.3811 -12.8845 0 0 0
-11.7524 -98.4676 -12.8845 0 0 0
3.9269 -99.0887 -12.8845 0 0 0
19.5078 -97.2288 -12.8845 0 0 0
34.6003 -92.9344 -12.8845 0 0 0
48.8265 -86.3132 -12.8845 0 0 0
61.8301 -77.5308 -12.8845 0 0 0
73.2857 -66.8072 -12.8845 0 0 0
82.9062 -54.4109 -12.8845 0 0 0
90.451 -40.6522 -12.8845 0 0 0
95.7311 -25.8757 -12.8845 0 0 0
98.6142 -10.4513 -12.8845 0 0 0
97.3848 0 -22.7202 0 0 0
96.1207 15.6399 -22.7202 0 0 0
92.3612 30.8739 -22.7202 0 0 0
86.204 45.3063 -22.7202 0 0 0
77.8089 58.5625 -22.7202 0 0 0
67.3938 70.2984 -22.7202 0 0 0
55.2291 80.2093 -22.7202 0 0 0
41.6307 88.0379 -22.7202 0 0 0
26.9514 93.581 -22.7202 0 0 0
11.5725 96.6947 -22.7202 0 0 0
-4.10681 97.2981 -22.7202 0 0 0
-19.6795 95.3756 -22.7202 0 0 0
-34.7413 90.9771 -22.7202 0 0 0
-48.9013 84.2167 -22.7202 0 0 0
-61.7917 75.2701 -22.7202 0 0 0
-73.0779 64.3693 -22.7202 0 0 0
-82.467 51.7975 -22.7202 0 0 0
-89.7152 37.881 -22.7202 0 0 0
-94.6344 22.9811 -22.7202 0 0 0
-97.0967 7.48453 -22.7202 0 0 0
-97.0384 -8.20631 -22.7202 0 0 0
-94.4609 -23.6841 -22.7202 0 0 0
-89.4311 -38.547 -22.7202 0 0 0
-82.0796 -52.4092 -22.7202 0 0 0
-72.5973 -64.9109 -22.7202 0 0 0
-61.2303 -75.7274 -22.7202 0 0 0
-48.2737 -84.578 -22.7202 0 0 0
-34.0639 -91.2329 -22.7202 0 0 0
-18.9698 -95.5193 -22.7202 0 0 0
-3.38325 -97.326 -22.7202 0 0 0
12.2912 -96.606 -22.7202 0 0 0
27.6465 -93.3781 -22.7202 0 0 0
42.2841 -87.726 -22.7202 0 0 0
55.824 -79.7964 -22.7202 0 0 0
67.9146 -69.7954 -22.7202 0 0 0
78.2422 -57.9823 -22.7202 0 0 0
86.5385 -44.664 -22.7202 0 0 0
92.5882 -30.1863 -22.7202 0 0 0
96.2343 -14.9248 -22.7202 0 0 0
94.63 0 -32.329 0 0 0
93.3293 15.6359 -32.329 0 0 0
89.4629 30.842 -32.329 0 0 0
83.1371 45.2002 -32.329 0 0 0
74.5258 58.3159 -32.329 0 0 0
63.8658 69.8284 -32.329 0 0 0
51.45 79.4212 -32.329 0 0 0
37.6199 86.8308 -32.329 0 0 0
22.7555 91.8533 -32.329 0 0 0
7.26562 94.3507 -32.329 0 0 0
-8.42403 94.2543 -32.329 0 0 0
-23.8821 91.5668 -32.329 0 0 0
-38.6836 86.3621 -32.329 0 0 0
-52.4217 78.7833 -32.329 0 0 0
-64.7187 69.0386 -32.329 0 0 0
-75.2365 57.396 -32.329 0 0 0
-83.686 44.1756 -32.329 0 0 0
-89.835 29.7408 -32.329 0 0 0
-93.5143 14.4883 -32.329 0 0 0
-94.6229 -1.1624 -32.329 0 0 0
-93.1302 -16.7812 -32.329 0 0 0
-89.0773 -31.9386 -32.329 0 0 0
-82.5756 -46.2181 -32.329 0 0 0
-73.8039 -59.2269 -32.329 0 0 0
-63.0032 -70.6076 -32.329 0 0 0
-50.4706 -80.0472 -32.329 0 0 0
-36.5504 -87.2863 -32.329 0 0 0
-21.6255 -92.1259 -32.329 0 0 0
-6.1061 -94.4328 -32.329 0 0 0
9.58115 -94.1437 -32.329 0 0 0
25.005 -91.2666 -32.329 0 0 0
39.7415 -85.8804 -32.329 0 0 0
53.3855 -78.1334 -32.329 0 0 0
65.5618 -68.2384 -32.329 0 0 0
75.9359 -56.4675 -32.329 0 0 0
84.2224 -43.1443 -32.329 0 0 0
90.1935 -28.6351 -32.329 0 0 0
93.6852 -13.3386 -32.329 0 0 0
90.9297 0 -41.6147 0 0 0
89.5763 15.63 -41.6147 0 0 0
85.5565 30.7946 -41.6147 0 0 0
78.9897 45.0426 -41.6147 0 0 0
70.0717 57.9498 -41.6147 0 0 0
59.0677 69.1319 -41.6147 0 0 0
46.3054 78.2561 -41.6147 0 0 0
32.1647 85.0508 -41.6147 0 0 0
17.0666 89.3138 -41.6147 0 0 0
1.46036 90.918 -41.6147 0 0 0
-14.1893 89.8158 -41.6147 0 0 0
-29.4166 86.04 -41.6147 0 0 0
-43.7682 79.7029 -41.6147 0 0 0
-56.8169 70.9933 -41.6147 0 0 0
-68.1744 60.1704 -41.6147 0 0 0
-77.5024 47.5563 -41.6147 0 0 0
-84.5233 33.5265 -41.6147 0 0 0
-89.0282 18.4988 -41.6147 0 0 0
-90.8828 2.92035 -41.6147 0 0 0
-90.0321 -12.745 -41.6147 0 0 0
-86.5013 -28.031 -41.6147 0 0 0
-80.3956 -42.4825 -41.6147 0 0 0
-71.8966 -55.6695 -41.6147 0 0 0
-61.2575 -67.1992 -41.6147 0 0 0
-48.7948 -76.7286 -41.6147 0 0 0
-34.8797 -83.974 -41.6147 0 0 0
-19.9262 -88.7196 -41.6147 0 0 0
-4.37957 -90.8242 -41.6147 0 0 0
11.2974 -90.2252 -41.6147 0 0 0
26.6381 -86.9404 -41.6147 0 0 0
41.1858 -81.0675 -41.6147 0 0 0
54.5076 -72.7815 -41.6147 0 0 0
66.2067 -62.3288 -41.6147 0 0 0
75.935 -50.0209 -41.6147 0 0 0
83.4029 -36.2238 -41.6147 0 0 0
88.3881 -21.3485 -41.6147 0 0 0
90.7421 -5.83768 -41.6147 0 0 0
86.3209 0 -50.4846 0 0 0
84.8957 15.6214 -50.4846 0 0 0
80.6669 30.727 -50.4846 0 0 0
73.7744 44.8178 -50.4846 0 0 0
64.4457 57.4287 -50.4846 0 0 0
52.9888 68.1432 -50.4846 0 0 0
39.7821 76.6074 -50.4846 0 0 0
25.2616 82.5418 -50.4846 0 0 0
9.90702 85.7505 -50.4846 0 0 0
-5.77475 86.1275 -50.4846 0 0 0
-21.2658 83.6604 -50.4846 0 0 0
-36.0546 78.4306 -50.4846 0 0 0
-49.6528 70.6109 -50.4846 0 0 0
-61.6114 60.4594 -50.4846 0 0 0
-71.5354 48.3114 -50.4846 0 0 0
-79.0971 34.568 -50.4846 0 0 0
-84.0469 19.6831 -50.4846 0 0 0
-86.2212 4.14823 -50.4846 0 0 0
-85.5483 -11.5236 -50.4846 0 0 0
-82.0504 -26.815 -50.4846 0 0 0
-75.8429 -41.2208 -50.4846 0 0 0
-67.131 -54.2654 -50.4846 0 0 0
-56.2022 -65.518 -50.4846 0 0 0
-43.4175 -74.6071 -50.4846 0 0 0
-29.1991 -81.2325 -50.4846 0 0 0
-14.0164 -85.1754 -50.4846 0 0 0
1.62914 -86.3056 -50.4846 0 0 0
17.2209 -84.5857 -50.4846 0 0 0
32.244 -80.0727 -50.4846 0 0 0
46.2022 -72.9154 -50.4846 0 0 0
58.6348 -63.3503 -50.4846 0 0 0
69.1311 -51.6933 -50.4846 0 0 0
77.3445 -38.3292 -50.4846 0 0 0
83.0039 -23.6993 -50.4846 0 0 0
85.9222 -8.28687 -50.4846 0 0 0
80.8496 0 -58.8501 0 0 0
79.3285 15.6093 -58.8501 0 0 0
74.8224 30.6313 -58.8501 0 0 0
67.5008 44.5007 -58.8501 0 0 0
57.6392 56.6955 -58.8501 0 0 0
45.6088 66.757 -58.8501 0 0 0
31.8622 74.3066 -58.8501 0 0 0
16.9166 79.0601 -58.8501 0 0 0
1.33453 80.8386 -58.8501 0 0 0
-14.2978 79.5753 -58.8501 0 0 0
-29.3921 75.3178 -58.8501 0 0 0
-43.3804 68.2261 -58.8501 0 0 0
-55.7364 58.5672 -58.8501 0 0 0
-65.9951 46.7045 -58.8501 0 0 0
-73.7705 33.0844 -58.8501 0 0 0
-78.77 18.2193 -58.8501 0 0 0
-80.8056 2.6687 -58.8501 0 0 0
-79.8005 -12.9823 -58.8501 0 0 0
-75.7927 -28.1449 -58.8501 0 0 0
-68.9329 -42.2483 -58.8501 0 0 0
-59.4792 -54.7621 -58.8501 0 0 0
-47.7875 -65.2152 -58.8501 0 0 0
-34.2975 -73.2144 -58.8501 0 0 0
-19.517 -78.4586 -58.8501 0 0 0
-4.00215 -80.7505 -58.8501 0 0 0
11.6634 -80.0039 -58.8501 0 0 0
26.89 -76.2469 -58.8501 0 0 0
41.1048 -69.6208 -58.8501 0 0 0
53.7728 -60.375 -58.8501 0 0 0
64.4175 -48.8574 -58.8501 0 0 0
72.6383 -35.5014 -58.8501 0 0 0
78.1257 -20.8094 -58.8501 0 0 0
80.6735 -5.3345 -58.8501 0 0 0
74.5705 0 -66.6276 0 0 0
72.9222 15.5921 -66.6276 0 0 0
68.0502 30.4948 -66.6276 0 0 0
60.1698 44.0495 -66.6276 0 0 0
49.6295 55.6568 -66.6276 0 0 0
36.8951 64.8037 -66.6276 0 0 0
22.5297 71.0857 -66.6276 0 0 0
7.16827 74.2252 -66.6276 0 0 0
-8.51002 74.0834 -66.6276 0 0 0
-23.8121 70.6665 -66.6276 0 0 0
-38.0615 64.1255 -66.6276 0 0 0
-50.6283 54.7498 -66.6276 0 0 0
-60.9569 42.9537 -66.6276 0 0 0
-68.5908 29.2586 -66.6276 0 0 0
-73.1924 14.2702 -66.6276 0 0 0
-74.5583 -1.34916 -66.6276 0 0 0
-72.6282 -16.9088 -66.6276 0 0 0
-67.4873 -31.721 -66.6276 0 0 0
-59.363 -45.1309 -66.6276 0 0 0
-48.6144 -56.5456 -66.6276 0 0 0
-35.7166 -65.4606 -66.6276 0 0 0
-21.2399 -71.4817 -66.6276 0 0 0
-5.82419 -74.3427 -66.6276 0 0 0
9.84897 -73.9173 -66.6276 0 0 0
25.0867 -70.2241 -66.6276 0 0 0
39.2155 -63.4264 -66.6276 0 0 0
51.6106 -53.8248 -66.6276 0 0 0
61.7241 -41.8437 -66.6276 0 0 0
69.1089 -28.0129 -66.6276 0 0 0
73.4386 -12.9436 -66.6276 0 0 0
67.5463 0 -73.7394 0 0 0
65.7281 15.5668 -73.7394 0 0 0
60.3713 30.2955 -73.7394 0 0 0
51.7643 43.3932 -73.7394 0 0 0
40.3704 54.1547 -73.7394 0 0 0
26.8032 62.0008 -73.7394 0 0 0
11.793 66.5089 -73.7394 0 0 0
-3.85214 67.4364 -73.7394 0 0 0
-19.2899 64.7334 -73.7394 0 0 0
-33.6891 58.5453 -73.7394 0 0 0
-46.2746 49.2053 -73.7394 0 0 0
-56.3689 37.2163 -73.7394 0 0 0
-63.4284 23.2237 -73.7394 0 0 0
-67.0732 7.98083 -73.7394 0 0 0
-67.107 -7.69174 -73.7394 0 0 0
-63.5279 -22.9502 -73.7394 0 0 0
-56.5287 -36.9731 -73.7394 0 0 0
-46.4862 -49.0055 -73.7394 0 0 0
-33.9411 -58.3996 -73.7394 0 0 0
-19.5686 -64.6496 -73.7394 0 0 0
-4.14268 -67.4192 -73.7394 0 0 0
11.5063 -66.5591 -73.7394 0 0 0
26.5358 -62.1157 -73.7394 0 0 0
40.1367 -54.3282 -73.7394 0 0 0
51.5768 -43.6158 -73.7394 0 0 0
60.2402 -30.5553 -73.7394 0 0 0
65.6604 -15.8498 -73.7394 0 0 0
67.5457 -0.291056 -73.7394 0 0 0
59.8472 0 -80.1143 0 0 0
57.7976 15.5282 -80.1143 0 0 0
51.7892 29.9929 -80.1143 0 0 0
42.2335 42.4031 -80.1143 0 0 0
29.785 51.909 -80.1143 0 0 0
15.2964 57.8594 -80.1143 0 0 0
-0.239959 59.8468 -80.1143 0 0 0
-15.7599 57.7349 -80.1143 0 0 0
-30.2003 51.6685 -80.1143 0 0 0
-42.5721 42.0631 -80.1143 0 0 0
-52.028 29.5766 -80.1143 0 0 0
-57.9203 15.0642 -80.1143 0 0 0
-59.8453 -0.479913 -80.1143 0 0 0
-57.6712 -15.9912 -80.1143 0 0 0
-51.547 -30.4072 -80.1143 0 0 0
-41.8921 -42.7405 -80.1143 0 0 0
-29.3677 -52.1462 -80.1143 0 0 0
-14.8319 -57.9802 -80.1143 0 0 0
0.719867 -59.8429 -80.1143 0 0 0
16.2223 -57.6067 -80.1143 0 0 0
30.6137 -51.4247 -80.1143 0 0 0
42.9081 -41.7204 -80.1143 0 0 0
52.2635 -29.1584 -80.1143 0 0 0
58.0392 -14.5993 -80.1143 0 0 0
51.5502 0 -85.6889 0 0 0
49.1754 15.466 -85.6889 0 0 0
42.27 29.5071 -85.6889 0 0 0
31.4701 40.8296 -85.6889 0 0 0
17.7707 48.3903 -85.6889 0 0 0
2.43409 51.4927 -85.6889 0 0 0
-13.1268 49.8508 -85.6889 0 0 0
-27.4783 43.6161 -85.6889 0 0 0
-39.2981 33.3629 -85.6889 0 0 0
-47.4972 20.0358 -85.6889 0 0 0
-51.3203 4.86275 -85.6889 0 0 0
-50.4151 -10.7583 -85.6889 0 0 0
-44.8649 -25.3882 -85.6889 0 0 0
-35.1812 -37.6789 -85.6889 0 0 0
-22.2561 -46.4982 -85.6889 0 0 0
-7.28057 -51.0334 -85.6889 0 0 0
8.36582 -50.8668 -85.6889 0 0 0
23.2414 -46.0136 -85.6889 0 0 0
35.9757 -36.9211 -85.6889 0 0 0
45.3955 -24.4269 -85.6889 0 0 0
50.6328 -9.68213 -85.6889 0 0 0
42.738 0 -90.4072 0 0 0
39.8837 15.3567 -90.4072 0 0 0
31.702 28.6621 -90.4072 0 0 0
19.2859 38.1391 -90.4072 0 0 0
4.29362 42.5218 -90.4072 0 0 0
-11.2721 41.2247 -90.4072 0 0 0
-25.3322 34.4212 -90.4072 0 0 0
-36.0087 23.0199 -90.4072 0 0 0
-41.8753 8.5438 -90.4072 0 0 0
-42.1486 -7.0735 -90.4072 0 0 0
-36.792 -21.746 -90.4072 0 0 0
-26.521 -33.5138 -90.4072 0 0 0
-12.7075 -40.8051 -90.4072 0 0 0
2.80331 -42.646 -90.4072 0 0 0
17.9397 -38.7905 -90.4072 0 0 0
30.6798 -29.7537 -90.4072 0 0 0
39.322 -16.7427 -90.4072 0 0 0
42.7119 -1.49525 -90.4072 0 0 0
33.4989 0 -94.2222 0 0 0
29.883 15.1386 -94.2222 0 0 0
19.8161 27.0092 -94.2222 0 0 0
5.47138 33.049 -94.2222 0 0 0
-10.0545 31.9544 -94.2222 0 0 0
-23.4099 23.9615 -94.2222 0 0 0
-31.7116 10.7958 -94.2222 0 0 0
-33.1675 -4.70039 -94.2222 0 0 0
-27.4632 -19.1819 -94.2222 0 0 0
-15.8303 -29.5225 -94.2222 0 0 0
-0.779979 -33.4898 -94.2222 0 0 0
14.4387 -30.2274 -94.2222 0 0 0
26.5404 -20.4396 -94.2222 0 0 0
32.9127 -6.23941 -94.2222 0 0 0
23.925 0 -97.0958 0 0 0
18.951 14.6035 -97.0958 0 0 0
6.09736 23.135 -97.0958 0 0 0
-9.29159 22.047 -97.0958 0 0 0
-20.8171 11.792 -97.0958 0 0 0
-23.687 -3.36603 -97.0958 0 0 0
-16.708 -17.1245 -97.0958 0 0 0
-2.78182 -23.7627 -97.0958 0 0 0
12.301 -20.5205 -97.0958 0 0 0
22.2691 -8.74597 -97.0958 0 0 0
14.1121 0 -98.9992 0 0 0
6.23605 12.6595 -98.9992 0 0 0
-8.60072 11.1883 -98.9992 0 0 0
-13.8373 -2.77138 -98.9992 0 0 0
-3.6285 -13.6376 -98.9992 0 0 0
10.6304 -9.28139 -98.9992 0 0 0
4.15815 0 -99.9135 0 0 0
-3.34503 -2.47001 -99.9135 0 0 0
