15
0 (36,5,0,1) (30,22.4,0,1) (16,34,0,1) (-2.1,37.7,0,1) (-20,34,0,1) (-35,22.4,0,1) (-40,5,0,1) (-35,-12.4,0,1) (-20,-24,0,1) (-2.1,-27.7,0,1) (16,-24,0,1) (30.6,-12.4,0,1) (-12.0166,27.8176,0,2) (-50,10,0,2) (-5,-30,0,2)
1 (35.1313,5.03922,0,1) (30.8806,22.8739,0,1) (16.0574,33.5848,0,1) (-2.17084,37.6294,0,1) (-20.8214,34.4931,0,1) (-34.5745,22.0312,0,1) (-39.0981,5.05839,0,1) (-34.4764,-12.2919,0,1) (-19.9299,-23.3404,0,1) (-0.323564,-26.7812,0,1) (15.5834,-23.5782,0,1) (31.1793,-12.2542,0,1) (-12.0166,27.8176,0,2) (-49.2,10,0,2) (-5,-29.2,0,2)
2 (34.1758,5.33413,0,1) (31.7612,23.3477,0,1) (16.6176,32.7565,0,1) (-2.27355,37.5271,0,1) (-21.9458,34.5774,0,1) (-34.2287,21.6258,0,1) (-37.7944,5.15956,0,1) (-34.0226,-12.2522,0,1) (-19.6345,-22.4482,0,1) (1.53768,-26.0492,0,1) (15.7099,-23.8316,0,1) (31.9149,-11.5767,0,1) (-12.0166,27.8176,0,2) (-48.4,10,0,2) (-5,-28.4,0,2)
3 (33.2202,5.62904,0,1) (32.6418,23.8216,0,1) (17.1779,31.9282,0,1) (-2.38706,37.4139,0,1) (-22.9456,34.5598,0,1) (-33.8662,21.1789,0,1) (-36.5177,5.29671,0,1) (-33.5521,-12.437,0,1) (-19.235,-21.5321,0,1) (3.46766,-25.5246,0,1) (16.4306,-24.1966,0,1) (32.6504,-10.8992,0,1) (-12.0166,27.8176,0,2) (-47.6,10,0,2) (-5,-27.6,0,2)
4 (32.2647,5.92394,0,1) (33.5224,24.2955,0,1) (17.7381,31.0998,0,1) (-2.50031,37.3011,0,1) (-23.9455,34.5422,0,1) (-33.4845,20.7468,0,1) (-35.3799,5.34337,0,1) (-32.977,-12.7403,0,1) (-18.802,-20.6149,0,1) (5.43835,-25.1835,0,1) (17.6459,-24.4748,0,1) (33.3859,-10.2217,0,1) (-12.0166,27.8176,0,2) (-46.8,10,0,2) (-5,-26.8,0,2)
5 (31.3092,6.21885,0,1) (34.403,24.7693,0,1) (18.2983,30.2715,0,1) (-2.60775,37.194,0,1) (-24.9453,34.5245,0,1) (-33.0647,20.333,0,1) (-34.2945,5.36391,0,1) (-32.3262,-13.0583,0,1) (-18.3631,-19.6896,0,1) (7.1347,-24.3935,0,1) (19.2392,-24.4404,0,1) (34.1214,-9.54425,0,1) (-12.0166,27.8176,0,2) (-46,10,0,2) (-5,-26,0,2)
6 (30.3537,6.51376,0,1) (35.2836,25.2432,0,1) (18.8586,29.4432,0,1) (-2.70693,37.0952,0,1) (-25.9452,34.5069,0,1) (-32.6037,19.9442,0,1) (-33.2238,5.37311,0,1) (-31.6332,-13.364,0,1) (-17.9284,-18.7489,0,1) (8.10312,-24.1442,0,1) (20.8316,-24.4131,0,1) (34.857,-8.86676,0,1) (-12.0166,27.8176,0,2) (-45.2,10,0,2) (-5,-25.2,0,2)
7 (29.3981,6.80867,0,1) (36.1642,25.717,0,1) (19.4188,28.6149,0,1) (-2.79701,37.0055,0,1) (-26.945,34.4892,0,1) (-32.101,19.5813,0,1) (-32.1526,5.37825,0,1) (-30.9165,-13.6611,0,1) (-17.5003,-17.7884,0,1) (9.07154,-23.8948,0,1) (22.0713,-24.3338,0,1) (35.5925,-8.18926,0,1) (-12.0166,27.8176,0,2) (-44.4,10,0,2) (-5,-24.4,0,2)
8 (28.4376,7.09342,0,1) (37.0448,26.1909,0,1) (19.9841,27.7967,0,1) (-2.87804,36.9248,0,1) (-27.9449,34.4716,0,1) (-31.5586,19.2433,0,1) (-31.0748,5.38329,0,1) (-30.1871,-13.9519,0,1) (-17.0772,-16.8061,0,1) (10.04,-23.6455,0,1) (23.1176,-24.2447,0,1) (36.328,-7.51177,0,1) (-12.0166,27.8176,0,2) (-43.6,10,0,2) (-5,-23.6,0,2)
9 (27.4707,7.37214,0,1) (37.9254,26.6648,0,1) (20.5557,26.9846,0,1) (-2.9505,36.8526,0,1) (-28.9447,34.4539,0,1) (-30.9797,18.9284,0,1) (-29.9875,5.39089,0,1) (-29.4501,-14.2373,0,1) (-16.6554,-15.8016,0,1) (11.0084,-23.3962,0,1) (24.0559,-24.1885,0,1) (37.0635,-6.83427,0,1) (-12.0166,27.8176,0,2) (-42.8,10,0,2) (-5,-22.8,0,2)
10 (26.5036,7.65094,0,1) (38.806,27.1386,0,1) (21.1272,26.1726,0,1) (-3.01506,36.7883,0,1) (-29.9445,34.4363,0,1) (-30.3677,18.6348,0,1) (-28.8888,5.40344,0,1) (-28.7059,-14.5177,0,1) (-16.2302,-14.7755,0,1) (11.9768,-23.1469,0,1) (24.9218,-24.2239,0,1) (37.7991,-6.15678,0,1) (-12.0166,27.8176,0,2) (-42,10,0,2) (-5,-22,0,2)
11 (25.5365,7.92977,0,1) (39.6866,27.6125,0,1) (21.6987,25.3606,0,1) (-3.07243,36.7311,0,1) (-30.9444,34.4186,0,1) (-29.7261,18.3605,0,1) (-27.189,5.79032,0,1) (-27.9509,-14.7925,0,1) (-15.8259,-13.7666,-1.6789,1) (12.9452,-22.8976,0,1) (25.6988,-24.4414,0,1) (38.5346,-5.47929,0,1) (-12.0166,27.8176,0,2) (-41.2,10,0,2) (-5,-21.2,0,2)
12 (24.5693,8.20865,0,1) (40.5672,28.0864,0,1) (22.2701,24.5486,0,1) (-3.12335,36.6805,0,1) (-31.9442,34.401,0,1) (-29.0576,18.1022,0,1) (-26.045,5.82985,0,1) (-27.0032,-15.0133,0,1) (-15.4335,-12.7835,-2.66805,1) (13.9136,-22.6482,0,1) (26.3135,-24.9144,0,1) (39.2701,-4.80179,0,1) (-12.0166,27.8176,0,2) (-40.4,10,0,2) (-5,-20.4,0,2)
13 (23.6021,8.48757,0,1) (41.4478,28.5602,0,1) (22.8413,23.7368,0,1) (-3.1685,36.6355,0,1) (-32,34.4,0,1) (-28.3656,17.8586,0,1) (-24.9455,5.84147,0,1) (-26.0259,-15.2252,0,1) (-14.9899,-11.848,-3.36602,1) (14.8821,-22.3989,0,1) (26.9112,-25.3882,0,1) (40.0056,-4.1243,0,1) (-12.0166,27.8176,0,2) (-39.6,10,0,2) (-5,-19.6,0,2)
14 (22.6348,8.76652,0,1) (42.3284,29.0341,0,1) (23.4125,22.925,0,1) (-3.20852,36.5957,0,1) (-32,34.4,0,1) (-27.6529,17.628,0,1) (-23.8535,5.84845,0,1) (-25.0486,-15.437,0,1) (-14.5366,-10.9619,-3.90164,1) (15.8505,-22.1496,0,1) (27.4979,-25.8626,0,1) (40.7412,-3.44681,0,1) (-12.0166,27.8176,0,2) (-38.8,10,0,2) (-5,-18.8,0,2)
15 (21.6674,9.04552,0,1) (43.2089,29.508,0,1) (23.9835,22.1134,0,1) (-3.24397,36.5605,0,1) (-32,34.4,0,1) (-26.9219,17.4089,0,1) (-22.7696,5.85033,0,1) (-24.0713,-15.6489,0,1) (-14.0479,-10.0995,-4.36514,1) (16.8189,-21.9003,0,1) (28.0769,-26.3379,0,1) (41.4767,-2.76931,0,1) (-12.0166,27.8176,0,2) (-38,10,0,2) (-5,-18,0,2)
16 (20.7,9.32456,0,1) (44.0895,29.9818,0,1) (24.5544,21.3018,0,1) (-3.27538,36.5293,0,1) (-32,34.4,0,1) (-26.175,17.1998,0,1) (-21.6938,5.84713,0.00547165,1) (-23.094,-15.8607,0,1) (-13.5254,-9.25804,-4.80497,1) (17.7873,-21.651,0,1) (28.6496,-26.8149,0,1) (42.2122,-2.09182,0,1) (-12.0166,27.8176,0,2) (-37.2,10,0,2) (-5,-17.2,0,2)
17 (19.7325,9.60364,0,1) (44.9701,30.4557,0,1) (25.1252,20.4902,0,1) (-3.3032,36.5017,0,1) (-32,34.4,0,1) (-25.414,16.9994,-0.000950269,1) (-20.626,5.83901,0.0306035,1) (-22.1167,-16.0726,0,1) (-12.9778,-8.43586,-5.24223,1) (18.7558,-21.4016,0,1) (29.2138,-27.2966,0,1) (42.9478,-1.41432,0,1) (-12.0166,27.8176,0,2) (-36.4,10,0,2) (-5,-16.4,0,2)
18 (18.765,9.88277,0,1) (45.8507,30.9295,0,1) (25.6959,19.6788,0,1) (-3.32786,36.4773,0,1) (-32,34.4,0,1) (-24.6408,16.8065,-0.00635444,1) (-19.5696,5.824,0.0681151,1) (-21.1394,-16.2845,0,1) (-12.4136,-7.62573,-5.67916,1) (19.7242,-21.1523,0,1) (29.7384,-27.8139,0,1) (43.6833,-0.736831,0,1) (-12.0166,27.8176,0,2) (-35.6,10,0,2) (-5,-15.6,0,2)
19 (17.7974,10.1619,0,1) (46.7313,31.4034,0,1) (26.2665,18.8675,0,1) (-3.34971,36.4557,0,1) (-32,34.4,0,1) (-23.8569,16.62,-0.0198165,1) (-18.5264,5.80103,0.111318,1) (-20.1621,-16.4963,0,1) (-11.8362,-6.82102,-6.11513,1) (20.6926,-20.903,0,1) (30.103,-28.4455,0,1) (44.4188,-0.0593373,0,1) (-12.0166,27.8176,0,2) (-34.8,10,0,2) (-5,-14.8,0,2)
20 (16.8427,10.4594,0,1) (47.6119,31.8773,0,1) (26.823,18.0366,0,1) (-3.36909,36.4367,0,1) (-32,34.4,0,1) (-23.0638,16.4389,-0.0456938,1) (-17.4972,5.76936,0.155597,1) (-19.1848,-16.7082,0,1) (-11.248,-6.01715,-6.54852,1) (21.661,-20.6537,0,1) (30.2665,-29.1496,0,1) (45.1543,0.618156,0,1) (-12.0166,27.8176,0,2) (-34,10,0,2) (-5,-14,0,2)
21 (15.8879,10.7568,0,1) (48.4925,32.3511,0,1) (27.3795,17.2058,0,1) (-3.38628,36.4198,0,1) (-32,34.4,0,1) (-22.2629,16.2617,-0.0901088,1) (-16.431,5.76095,0.204981,1) (-18.2076,-16.92,0,1) (-10.65,-5.21299,-6.97957,1) (22.6294,-20.4043,0,1) (30.2039,-29.8728,0,1) (45.8899,1.29565,0,1) (-12.0166,27.8176,0,2) (-33.2,10,0,2) (-5,-13.2,0,2)
22 (14.9332,11.0543,0,1) (49.3731,32.825,0,1) (27.936,16.375,0,1) (-3.40154,36.405,0,1) (-32,34.4,0,1) (-21.4558,16.0871,-0.161227,1) (-15.2724,5.81117,0.282838,1) (-17.2303,-17.1319,0,1) (-10.0575,-4.41582,-7.40445,1) (23.5979,-20.155,0,1) (29.9015,-30.5531,0,1) (46.6254,1.97314,0,1) (-12.0166,27.8176,0,2) (-32.4,10,0,2) (-5,-12.4,0,2)
23 (13.9801,11.3532,-0.000192496,1) (50.2537,33.2989,0,1) (28.4925,15.5441,0,1) (-3.41512,36.3919,0,1) (-32,34.4,0,1) (-20.6451,15.9128,-0.271362,1) (-14.0997,5.88601,0.684479,1) (-16.253,-17.3438,0,1) (-9.48065,-3.62718,-7.80161,1) (24.2,-20,0,1) (29.3634,-31.1194,0,1) (47.3609,2.65064,0,1) (-12.0166,27.8176,0,2) (-31.6,10,0,2) (-5,-11.6,0,2)
24 (13.0472,11.6753,-0.0152449,1) (51.1343,33.7727,0,1) (29.049,14.7133,0,1) (-3.4272,36.3804,0,1) (-32,34.4,0,1) (-19.8235,15.6982,-0.45986,1) (-12.9686,5.97521,1.13163,1) (-15.2757,-17.5556,0,1) (-8.91656,-2.73493,-8.03587,1) (24.2,-20,0,1) (28.6254,-31.504,0,1) (48.0965,3.32813,0,1) (-12.0166,27.8176,0,2) (-30.8,10,0,2) (-5,-10.8,0,2)
25 (12.1274,12.0247,-0.0527249,1) (52.0149,34.2466,0,1) (29.6055,13.8824,0,1) (-3.438,36.3703,0,1) (-32,34.4,0,1) (-19.0098,15.4378,-0.76126,1) (-11.8705,6.0685,1.6265,1) (-14.2984,-17.7675,0,1) (-8.32303,-1.77574,-8.15419,1) (24.2,-20,0,1) (27.7992,-31.7593,0,1) (48.832,4.00562,0,1) (-12.0166,27.8176,0,2) (-30,10,0,2) (-5,-10,0,2)
26 (11.2017,12.3866,-0.105923,1) (52.3,34.4,0,1) (30.162,13.0516,0,1) (-3.44766,36.3615,0,1) (-32,34.4,0,1) (-18.1655,15.1732,-0.94287,1) (-10.8377,6.18302,2.1391,1) (-13.3211,-17.9794,0,1) (-7.68003,-0.837018,-8.24795,1) (24.2,-20,0,1) (26.9287,-31.922,0,1) (49.5675,4.68312,0,1) (-12.0166,27.8176,0,2) (-29.2,10,0,2) (-5,-9.20001,0,2)
27 (10.2761,12.7577,-0.152231,1) (52.3,34.4,0,1) (30.7185,12.2207,0,1) (-3.45635,36.3539,0,1) (-32,34.4,0,1) (-17.3163,14.9227,-1.06971,1) (-9.81558,6.3031,2.65671,1) (-12.3438,-18.1912,0,1) (-7.00612,0.061746,-8.33336,1) (24.2,-20,0,1) (26.0323,-32.0175,0,1) (50.303,5.36061,0,1) (-12.0166,27.8176,0,2) (-28.4,10,0,2) (-5,-8.40001,0,2)
28 (9.41125,13.1306,-0.169999,1) (52.3,34.4,0,1) (31.275,11.3899,0,1) (-3.46421,36.3472,0,1) (-32,34.4,0,1) (-16.5771,14.895,-1.41452,1) (-8.84037,6.44104,3.17403,1) (-11.3665,-18.4031,0,1) (-6.31515,0.910779,-8.41758,1) (24.2,-20,0,1) (25.1182,-32.0609,0,1) (51.0386,6.0381,0,1) (-12.0166,27.8176,0,2) (-27.6,10,0,2) (-5,-7.60001,0,2)
29 (8.58374,13.5075,-0.167175,1) (52.3,34.4,0,1) (31.8315,10.559,0,1) (-3.47137,36.3416,0,1) (-32,34.4,0,1) (-15.8646,14.8623,-1.80264,1) (-8.19617,6.7441,3.73253,1) (-10.3892,-18.6149,0,1) (-5.63722,1.7169,-8.49024,1) (24.2,-20,0,1) (24.1893,-32.059,0,1) (51.7741,6.7156,0,1) (-12.0166,27.8176,0,2) (-26.8,10,0,2) (-5,-6.80001,0,2)
30 (7.79746,13.8916,-0.132453,1) (52.3,34.4,0,1) (32.388,9.72818,0,1) (-3.47795,36.3368,0,1) (-32,34.4,0,1) (-15.1887,14.8513,-2.24447,1) (-7.81077,7.18005,4.28778,1) (-9.41185,-18.8268,0,1) (-4.94221,2.4866,-8.54402,1) (24.2,-20,0,1) (23.2455,-32.0101,0,1) (52.3,7.2,0,1) (-12.0166,27.8176,0,2) (-26,10,0,2) (-5,-6.00001,0,2)
31 (7.03672,14.29,-0.0725149,1) (52.3,34.4,0,1) (32.9445,8.89734,0,1) (-3.48409,36.3329,0,1) (-32,34.4,0,1) (-14.5369,14.8505,-2.72392,1) (-7.66591,7.72512,4.80998,1) (-8.43456,-19.0387,0,1) (-4.23064,3.23127,-8.56493,1) (24.2,-20,0,1) (22.2866,-31.9027,0,1) (52.4567,7.28489,0,1) (-12.0166,27.8176,0,2) (-25.2,10,0,2) (-5,-5.20001,0,2)
32 (6.28752,14.6965,0.00980876,1) (52.3,34.4,0,1) (33.501,8.06649,0,1) (-3.48989,36.3299,0,1) (-32,34.4,0,1) (-13.9007,14.853,-3.22697,1) (-7.70123,8.36098,5.26264,1) (-7.45726,-19.2505,0,1) (-3.50719,3.95762,-8.54347,1) (24.2,-20,0,1) (21.3187,-31.7215,0,1) (52.3841,7.24088,0,1) (-12.0166,27.8176,0,2) (-24.4,10,0,2) (-5,-4.40001,0,2)
33 (5.54528,15.1123,0.100138,1) (52.3,34.4,0,1) (34.0575,7.23565,0,1) (-3.49548,36.3276,0,1) (-32,34.4,0,1) (-13.2736,14.8525,-3.73908,1) (-7.88555,9.12581,5.66102,1) (-6.47996,-19.4624,0,1) (-2.78067,4.6673,-8.47625,1) (24.2,-20,0,1) (20.3768,-31.4642,0,1) (52.3,7.2,0,1) (-12.0166,27.8176,0,2) (-23.6,10,0,2) (-5,-3.60001,0,2)
34 (4.81163,15.5203,0.191874,1) (52.3,34.4,0,1) (34.614,6.4048,0,1) (-3.50098,36.3261,0,1) (-32,34.4,0,1) (-12.6582,14.8056,-4.2929,1) (-8.16552,9.97354,6.00061,1) (-5.55361,-19.6257,0,1) (-2.06016,5.35812,-8.36525,1) (24.2,-20,0,1) (19.5634,-31.1741,0,1) (52.3,7.2,0,1) (-12.0166,27.8176,0,2) (-22.8,10,0,2) (-5,-2.80001,0,2)
35 (4.05505,15.9414,0.25378,1) (52.3,34.4,0,1) (35.1705,5.57395,0,1) (-3.50653,36.3255,0,1) (-32,34.4,0,1) (-12.0578,14.6688,-4.8991,1) (-8.4987,10.8689,6.30091,1) (-4.69991,-19.7522,0,1) (-1.35337,6.02264,-8.21927,1) (24.2,-20,0,1) (18.8404,-30.9012,0,1) (52.3,7.2,0,1) (-12.0166,27.8176,0,2) (-22,10,0,2) (-5,-2.00001,0,2)
36 (3.324,16.3537,0.329956,1) (52.3,34.4,0,1) (35.727,4.74311,0,1) (-3.51227,36.3258,0,1) (-32,34.4,0,1) (-11.478,14.4403,-5.53633,1) (-8.84497,11.7827,6.59958,1) (-4.02992,-19.9725,0,1) (-0.651429,6.67665,-8.06186,1) (24.2,-20,0,1) (18.1698,-30.6775,0,1) (52.3,7.2,0,1) (-12.0166,27.8176,0,2) (-21.2,10,0,2) (-5,-1.20001,0,2)
37 (2.63733,16.7408,0.443877,1) (52.3,34.4,0,1) (36.2835,3.91226,0,1) (-3.51837,36.3271,0,1) (-32,34.4,0,1) (-10.9219,14.1155,-6.1889,1) (-9.17449,12.7113,6.92094,1) (-4,-20,0,1) (0.0504504,7.33077,-7.90456,1) (24.2,-20,0,1) (17.5712,-30.4562,0,1) (52.3,7.2,0,1) (-12.0166,27.8176,0,2) (-20.4,10,0,2) (-5,-0.40001,0,2)
38 (1.99642,17.0929,0.604503,1) (52.3,34.4,0,1) (36.84,3.08142,0,1) (-3.52501,36.3294,0,1) (-32,34.4,0,1) (-10.3956,13.6948,-6.84544,1) (-9.47181,13.6604,7.27307,1) (-4,-20,0,1) (0.752443,7.98637,-7.7484,1) (24.2,-20,0,1) (16.7644,-30.0678,0,1) (52.3,7.2,0,1) (-12.0166,27.8176,0,2) (-19.6,10,0,2) (-5,0.39999,0,2)
39 (1.40439,17.4133,0.807317,1) (52.3,34.4,0,1) (37.3965,2.25057,0,1) (-3.53241,36.333,0,1) (-32,34.4,0,1) (-9.95018,13.2108,-7.53287,1) (-9.74264,14.626,7.64607,1) (-4,-20,0,1) (1.45036,8.64388,-7.59448,1) (24.2,-20,0,1) (15.8648,-29.6311,0,1) (52.3,7.2,0,1) (-12.0166,27.8176,0,2) (-18.8,10,0,2) (-5,1.19999,0,2)
40 (0.875914,17.7294,1.0635,1) (52.3,34.4,0,1) (37.953,1.41972,0,1) (-3.54082,36.338,0,1) (-32,34.4,0,1) (-9.60198,12.6667,-8.24258,1) (-10.0068,15.5785,8.02049,1) (-4,-20,0,1) (2.11263,9.30474,-7.45115,1) (24.2,-20,0,1) (14.9652,-29.1943,0,1) (52.3,7.2,0,1) (-12.0166,27.8176,0,2) (-18,10,0,2) (-5,1.99999,0,2)
41 (0.394446,18.047,1.38797,1) (52.3,34.4,0,1) (38.5095,0.588879,0,1) (-3.55055,36.3447,0,1) (-32,34.4,0,1) (-9.36701,12.0584,-8.96033,1) (-10.2675,16.5102,8.3903,1) (-4.04156,-19.9799,0,1) (2.77069,9.98845,-7.28533,1) (24.2,-20,0,1) (14.1072,-28.7777,0,1) (52.3,7.2,0,1) (-12.0166,27.8176,0,2) (-17.2,10,0,2) (-5,2.79999,0,2)
42 (-0.0450892,18.3712,1.76367,1) (52.3,34.4,0,1) (39.066,-0.241967,0,1) (-3.56196,36.3533,0,1) (-32,34.4,0,1) (-9.26115,11.3828,-9.66442,1) (-10.5388,17.4205,8.7534,1) (-4.12398,-19.94,0,1) (3.41441,10.7218,-7.06649,1) (24.2,-20,0,1) (13.29,-28.3809,0,1) (52.3,7.2,0,1) (-12.0166,27.8176,0,2) (-16.4,10,0,2) (-5,3.59999,0,2)
43 (-0.45302,18.7022,2.18095,1) (52.3,34.4,0,1) (39.6225,-1.07281,0,1) (-3.57548,36.3642,0,1) (-32,34.4,0,1) (-9.29675,10.6412,-10.3251,1) (-10.8243,18.3046,9.10664,1) (-4.24317,-19.8823,0,1) (4.05813,11.4551,-6.84764,1) (24.2,-20,0,1) (12.5096,-28.0018,0,1) (52.3,7.2,0,1) (-12.0166,27.8176,0,2) (-15.6,10,0,2) (-5,4.39999,0,2)
44 (-0.838312,19.0391,2.63024,1) (52.3,34.4,0,1) (40.179,-1.90366,0,1) (-3.59166,36.378,0,1) (-32,34.4,0,1) (-9.479,9.84103,-10.9058,1) (-11.1261,19.1596,9.44784,1) (-4.39547,-19.8087,0,1) (4.70185,12.1884,-6.6288,1) (24.2,-20,0,1) (11.7623,-27.6388,0,1) (52.3,7.2,0,1) (-12.0166,27.8176,0,2) (-14.8,10,0,2) (-5,5.19999,0,2)
45 (-1.20841,19.38,3.10259,1) (52.3,34.4,0,1) (40.7355,-2.73451,0,1) (-3.61114,36.3951,0,1) (-32,34.4,0,1) (-9.80261,8.99706,-11.367,1) (-11.4449,19.9834,9.77556,1) (-4.57758,-19.7207,0,1) (5.34557,12.9217,-6.40995,1) (24.2,-20,0,1) (11.0448,-27.2901,0,1) (52.3,7.2,0,1) (-12.0166,27.8176,0,2) (-14,10,0,2) (-5,5.99999,0,2)
46 (-1.5694,19.723,3.58992,1) (52.3,34.4,0,1) (41.292,-3.56535,0,1) (-3.63472,36.4161,0,1) (-32,34.4,0,1) (-10.2495,8.13114,-11.6703,1) (-11.7809,20.7758,10.089,1) (-4.78656,-19.6199,0,1) (5.98929,13.655,-6.19111,1) (24.2,-20,0,1) (10.3541,-26.9543,0,1) (52.3,7.2,0,1) (-12.0166,27.8176,0,2) (-13.2,10,0,2) (-5,6.79999,0,2)
47 (-1.92559,20.0668,4.08572,1) (52.3,34.4,0,1) (41.8485,-4.3962,0,1) (-3.6634,36.442,0,1) (-32,34.4,0,1) (-10.7881,7.27099,-11.7845,1) (-12.1335,21.5372,10.3882,1) (-5.01974,-19.5076,0,1) (6.633,14.3883,-5.97226,1) (24.2,-20,0,1) (9.68756,-26.6301,0,1) (52.3,7.2,0,1) (-12.0166,27.8176,0,2) (-12.4,10,0,2) (-5,7.59999,0,2)
48 (-2.27919,20.411,4.58632,1) (52.3,34.4,0,1) (42.4051,-5.22704,0,1) (-3.6984,36.4737,0,1) (-32,34.4,0,1) (-11.3753,6.44743,-11.6921,1) (-12.5016,22.2692,10.6735,1) (-5.27477,-19.3851,0,1) (7.27672,15.1216,-5.75342,1) (24.2,-20,0,1) (9.0428,-26.3163,0,1) (52.3,7.2,0,1) (-12.0166,27.8176,0,2) (-11.6,10,0,2) (-5,8.39999,0,2)
49 (-2.63138,20.7554,5.08966,1) (52.3,34.4,0,1) (42.9616,-6.05789,0,1) (-3.73347,36.5055,0,1) (-32,34.4,0,1) (-11.9608,5.69039,-11.3929,1) (-12.8841,22.9737,10.9455,1) (-5.54951,-19.2534,0,1) (7.92044,15.8549,-5.53457,1) (24.2,-20,0,1) (8.41766,-26.0118,0,1) (52.3,7.2,0,1) (-12.0166,27.8176,0,2) (-10.8,10,0,2) (-5,9.19999,0,2)
50 (-2.98276,21.0999,5.59462,1) (52.3,34.4,0,1) (43.5181,-6.88874,0,1) (-3.76805,36.5368,0,1) (-32,34.4,0,1) (-12.5413,4.94609,-11.0628,1) (-13.28,23.653,11.2048,1) (-5.84209,-19.1138,0,1) (8.56416,16.5882,-5.31572,1) (24.2,-20,0,1) (7.81023,-25.7156,0,1) (52.3,7.2,0,1) (-12.0166,27.8176,0,2) (-10,10,0,2) (-5,9.99999,0,2)
51 (-3.33372,21.4445,6.10056,1) (52.3,34.4,0,1) (44.0746,-7.71958,0,1) (-3.80217,36.5678,0,1) (-32,34.4,0,1) (-13.1219,4.20179,-10.7328,1) (-13.6926,24.3594,11.4196,1) (-6.15085,-18.9673,0,1) (9.20788,17.3215,-5.09688,1) (24.2,-20,0,1) (7.21879,-25.4266,0,1) (52.3,7.2,0,1) (-12.0166,27.8176,0,2) (-9.20003,10,0,2) (-5,10.8,0,2)
52 (-3.69662,21.783,6.61411,1) (52.3,34.4,0,1) (44.6311,-8.55043,0,1) (-3.83583,36.5983,0,1) (-32,34.4,0,1) (-13.7025,3.45749,-10.4027,1) (-14.1081,25.1091,11.5735,1) (-6.47443,-18.8151,0,1) (9.8516,18.0548,-4.87803,1) (24.2,-20,0,1) (6.64184,-25.1441,0,1) (52.3,7.2,0,1) (-12.0166,27.8176,0,2) (-8.40003,10,0,2) (-5,11.6,0,2)
53 (-4.07091,22.1159,7.13461,1) (52.3,34.4,0,1) (45.1876,-9.38128,0,1) (-3.86905,36.6284,0,1) (-32,34.4,0,1) (-14.2831,2.71319,-10.0726,1) (-14.5323,25.8937,11.6558,1) (-6.81169,-18.6585,0,1) (10.4953,18.7881,-4.65919,1) (24.2,-20,0,1) (6.07807,-24.8669,0,1) (52.3,7.2,0,1) (-12.0166,27.8176,0,2) (-7.60003,10,0,2) (-5,12.4,0,2)
54 (-4.4677,22.4377,7.66818,1) (52.3,34.4,0,1) (45.7441,-10.2121,0,1) (-3.90184,36.6582,0,1) (-32,34.4,0,1) (-14.8636,1.96889,-9.74254,1) (-14.9486,26.7117,11.6673,1) (-7.16186,-18.4992,0,1) (11.139,19.5214,-4.44034,1) (24.2,-20,0,1) (5.52639,-24.5942,0,1) (52.3,7.2,0,1) (-12.0166,27.8176,0,2) (-6.80003,10,0,2) (-5,13.2,0,2)
55 (-4.88722,22.7486,8.21479,1) (52.3,34.4,0,1) (46.3006,-11.043,0,1) (-3.93419,36.6875,0,1) (-32,34.4,0,1) (-15.4442,1.22459,-9.41246,1) (-15.3576,27.5547,11.606,1) (-7.52457,-18.3396,0,1) (11.7828,20.2547,-4.2215,1) (24.2,-20,0,1) (4.98596,-24.3246,0,1) (52.3,7.2,0,1) (-12.0166,27.8176,0,2) (-6.00003,10,0,2) (-5,14,0,2)
56 (-5.35637,23.0214,8.78187,1) (52.3,34.4,0,1) (46.8571,-11.8738,0,1) (-3.96613,36.7165,0,1) (-32,34.4,0,1) (-16.0248,0.480291,-9.08239,1) (-15.7369,28.4232,11.4765,1) (-7.90007,-18.1831,0,1) (12.4265,20.988,-4.00265,1) (24.2,-20,0,1) (4.45621,-24.0566,0,1) (52.3,7.2,0,1) (-12.0166,27.8176,0,2) (-5.20003,10,0,2) (-5,14.8,0,2)
57 (-5.9137,23.2207,9.31316,1) (52.3,34.4,0,1) (47.4136,-12.7047,0,1) (-3.99962,36.7468,0,1) (-32,34.4,0,1) (-16.6054,-0.264009,-8.75232,1) (-16.0804,29.3138,11.2776,1) (-8.2895,-18.0352,0,1) (13.0702,21.7213,-3.78381,1) (24.2,-20,0,1) (3.93697,-23.7877,0,1) (52.3,7.2,0,1) (-12.0166,27.8176,0,2) (-4.40003,10,0,2) (-5,15.6,0,2)
58 (-6.61808,23.2973,9.79622,1) (52.3,34.4,0,1) (47.9701,-13.5355,0,1) (-4.03763,36.7809,0,1) (-32,34.4,0,1) (-17.1859,-1.00831,-8.42224,1) (-16.3549,30.2329,11.0155,1) (-8.69525,-17.905,0,1) (13.7139,22.4546,-3.56496,1) (24.2,-20,0,1) (3.42855,-23.5143,0,1) (52.3,7.2,0,1) (-12.0166,27.8176,0,2) (-3.60003,10,0,2) (-5,16.4,0,2)
59 (-7.37109,23.2976,10.1883,1) (52.3,34.4,0,1) (48.5266,-14.3664,0,1) (-4.07959,36.8181,0,1) (-32,34.4,0,1) (-17.7665,-1.75261,-8.09217,1) (-16.5341,31.1791,10.6948,1) (-9.12127,-17.8084,0,1) (14.3576,23.1879,-3.34612,1) (24.2,-20,0,1) (2.93177,-23.2302,0,1) (52.3,7.2,0,1) (-12.0166,27.8176,0,2) (-2.80003,10,0,2) (-5,17.2,0,2)
60 (-8.16998,23.2866,10.5139,1) (52.3,34.4,0,1) (49.0831,-15.1972,0,1) (-4.12541,36.8584,0,1) (-32,34.4,0,1) (-18.3471,-2.49691,-7.76209,1) (-16.4963,32.1128,10.3811,1) (-9.57245,-17.7734,0,1) (15.0013,23.9212,-3.12727,1) (24.2,-20,0,1) (2.44754,-22.925,0,1) (52.3,7.2,0,1) (-12.0166,27.8176,0,2) (-2.00003,10,0,2) (-5,18,0,2)
61 (-9.01993,23.2988,10.7887,1) (52.3,34.4,0,1) (49.6396,-16.028,0,1) (-4.21614,36.9369,0,1) (-32,34.4,0,1) (-18.9277,-3.24121,-7.43202,1) (-16.3575,32.9178,10.0813,1) (-10.0499,-17.8498,0,1) (15.6451,24.6545,-2.90843,1) (24.2,-20,0,1) (1.9745,-22.5801,0,1) (52.3,7.2,0,1) (-12.0166,27.8176,0,2) (-1.20003,10,0,2) (-5,18.8,0,2)
62 (-9.91216,23.3369,11.0102,1) (52.3,34.4,0,1) (50.1961,-16.8589,0,1) (-4.37125,37.0686,-0.0645449,1) (-32,34.4,0,1) (-19.5082,-3.98551,-7.10194,1) (-16.2319,33.5661,9.7858,1) (-10.5318,-18.1236,0,1) (16.2888,25.3878,-2.68958,1) (24.2,-20,0,1) (1.50049,-22.1653,0,1) (52.3,7.2,0,1) (-12.0166,27.8176,0,2) (-0.400029,10,0,2) (-5,19.6,0,2)
63 (-10.84,23.4019,11.1736,1) (52.3,34.4,0,1) (50.7526,-17.6897,0,1) (-4.59062,37.2464,-0.224388,1) (-32,34.4,0,1) (-20.0888,-4.72981,-6.77187,1) (-16.1242,34.1012,9.50172,1) (-11.0069,-18.4111,0,1) (16.9325,26.1211,-2.47074,1) (24.2,-20,0,1) (1.01965,-21.7311,0,1) (52.3,7.2,0,1) (-12.0166,27.8176,0,2) (0.399971,10,0,2) (-5,20.4,0,2)
64 (-11.7964,23.4954,11.2727,1) (52.3,34.4,0,1) (51.3091,-18.5206,0,1) (-4.87031,37.4571,-0.455105,1) (-32,34.4,0,1) (-20.6694,-5.47411,-6.44179,1) (-15.9717,34.5903,9.27402,1) (-11.4825,-18.6437,0,1) (17.5762,26.8544,-2.25189,1) (24.2,-20,0,1) (0.538837,-21.2994,0,1) (52.3,7.2,0,1) (-12.0166,27.8176,0,2) (1.19997,10,0,2) (-5,21.2,0,2)
65 (-12.772,23.6184,11.3012,1) (52.3,34.4,0,1) (51.8656,-19.3514,0,1) (-5.21029,37.6898,-0.734624,1) (-32,34.4,0,1) (-21.25,-6.21841,-6.11172,1) (-15.7206,35.0671,9.12179,1) (-11.9584,-18.8336,0,1) (18.2199,27.5877,-2.03304,1) (24.2,-20,0,1) (0.0580385,-20.8701,0,1) (52.3,7.2,0,1) (-12.0166,27.8176,0,2) (1.99997,10,0,2) (-5,22,0,2)
66 (-13.7556,23.7713,11.254,1) (52.3,34.4,0,1) (52.3,-20,0,1) (-5.61219,37.9359,-1.03714,1) (-32,34.4,0,1) (-21.8305,-6.96271,-5.78164,1) (-15.2911,35.5169,9.04051,1) (-12.4346,-18.9901,0,1) (18.8637,28.321,-1.8142,1) (24.2,-20,0,1) (-0.42274,-20.4433,0,1) (52.3,7.2,0,1) (-12.0166,27.8176,0,2) (2.79997,10,0,2) (-5,22.8,0,2)
67 (-14.7337,23.9532,11.1286,1) (52.3,34.4,0,1) (52.3,-20,0,1) (-6.07671,38.1883,-1.33713,1) (-32,34.4,0,1) (-22.4111,-7.70701,-5.45157,1) (-14.8279,35.8718,8.94546,1) (-12.911,-19.1206,0,1) (19.5074,29.0543,-1.59535,1) (24.2,-20,0,1) (-0.903499,-20.019,0,1) (52.3,7.2,0,1) (-12.0166,27.8176,0,2) (3.59997,10,0,2) (-5,23.6,0,2)
68 (-15.6926,24.1621,10.9254,1) (52.3,34.4,0,1) (52.3,-20,0,1) (-6.59208,38.43,-1.64586,1) (-32,34.4,0,1) (-22.9924,-8.45094,-5.12165,1) (-14.3724,36.2032,8.84279,1) (-13.3874,-19.2499,0.00779589,1) (20.1511,29.7876,-1.37651,1) (24.2,-20,0,1) (-1.38424,-19.5973,0,1) (52.3,7.2,0,1) (-12.0166,27.8176,0,2) (4.39997,10,0,2) (-5,24.4,0,2)
69 (-16.64,24.381,10.6918,1) (52.3,34.4,0,1) (52.3,-20,0,1) (-7.14995,38.6493,-1.96629,1) (-32,34.4,0,1) (-23.5837,-9.1906,-4.79348,1) (-13.9449,36.5505,8.73686,1) (-13.8636,-19.3995,0.0323513,1) (20.7948,30.5209,-1.15766,1) (24.2,-20,0,1) (-1.86496,-19.1782,-0.000502119,1) (52.3,7.2,0,1) (-12.0166,27.8176,0,2) (5.19997,10,0,2) (-5,25.2,0,2)
70 (-17.5874,24.5999,10.4582,1) (52.3,34.4,0,1) (52.3,-20,0,1) (-7.7502,38.8397,-2.29876,1) (-32,34.4,0,1) (-24.183,-9.92765,-4.46641,1) (-13.5526,36.9006,8.65969,1) (-14.3335,-19.5574,0.0552412,1) (21.4385,31.2542,-0.938817,1) (24.2,-20,0,1) (-2.35193,-18.7526,-0.00185332,1) (52.3,7.2,0,1) (-12.0166,27.8176,0,2) (5.99997,10,0,2) (-5,26,0,2)
71 (-18.5348,24.8188,10.2246,1) (52.3,34.4,0,1) (52.3,-20,0,1) (-8.40067,39.0032,-2.62101,1) (-32,34.4,0,1) (-24.7885,-10.664,-4.13937,1) (-13.1994,37.2274,8.63767,1) (-14.7773,-19.7523,0.0590732,1) (22.0823,31.9875,-0.719971,1) (24.2,-20,0,1) (-2.86407,-18.3,-0.00436513,1) (52.3,7.2,0,1) (-12.0166,27.8176,0,2) (6.79997,10,0,2) (-5,26.8,0,2)
72 (-19.4739,25.0225,10.0073,1) (52.3,34.4,0,1) (52.3,-20,0,1) (-9.11276,39.1464,-2.89495,1) (-32.0082,34.4153,-0.0162875,1) (-25.3835,-11.405,-3.80978,1) (-12.8862,37.4947,8.68792,1) (-15.2068,-19.9732,0.0614467,1) (22.726,32.7208,-0.501126,1) (24.2,-20,0,1) (-3.38813,-17.8385,-0.00643345,1) (52.3,7.2,0,1) (-12.0166,27.8176,0,2) (7.59997,10,0,2) (-5,27.6,0,2)
73 (-20.4065,25.2077,9.80967,1) (52.3,34.4,0,1) (52.3,-20,0,1) (-9.88531,39.2542,-3.14713,1) (-32.0212,34.4493,-0.0526475,1) (-25.9636,-12.1513,-3.47862,1) (-12.6093,37.6537,8.81563,1) (-15.5873,-20.284,0.0643131,1) (23.3697,33.4541,-0.28228,1) (24.2,-20,0,1) (-3.94621,-17.3544,-0.00848546,1) (52.3,7.2,0,1) (-12.0166,27.8176,0,2) (8.39997,10,0,2) (-5,28.4,0,2)
74 (-21.3378,25.3777,9.62821,1) (52.3,34.4,0,1) (52.3,-20,0,1) (-10.7252,39.3143,-3.39208,1) (-32.031,34.4992,-0.105863,1) (-26.5388,-12.8992,-3.14716,1) (-12.3562,37.6466,9.00457,1) (-15.9334,-20.6367,0.0674575,1) (24.0134,34.1875,-0.0634341,1) (24.2,-20,0,1) (-4.52981,-16.86,-0.0104937,1) (52.3,7.2,0,1) (-12.0166,27.8176,0,2) (9.19997,10,0,2) (-5,29.2,0,2)
75 (-22.2726,25.5363,9.45897,1) (52.3,34.4,0,1) (52.3,-20,0,1) (-11.6478,39.3147,-3.62956,1) (-32.0301,34.5612,-0.171987,1) (-27.114,-13.647,-2.8157,1) (-12.1259,37.4826,9.20435,1) (-16.2046,-21.0706,0.07098,1) (24.2,34.4,0,1) (24.2,-20,0,1) (-5.16212,-16.3527,-0.0123785,1) (52.3,7.2,0,1) (-12.0166,27.8176,0,2) (9.99997,10,0,2) (-5,30,0,2)
76 (-23.2148,25.6876,9.2975,1) (52.3,34.4,0,1) (52.3,-20,0,1) (-12.6268,39.2512,-3.91877,1) (-32.0115,34.6306,-0.246131,1) (-27.6891,-14.3949,-2.48424,1) (-11.9559,37.3166,9.37483,1) (-16.4119,-21.5515,0.0746732,1) (24.2,34.4,0,1) (24.2,-20,0,1) (-5.83728,-15.843,-0.014092,1) (52.3,7.2,0,1) (-12.0166,27.8176,0,2) (10.8,10,0,2) (-5,30.8,0,2)
77 (-24.1673,25.8363,9.13882,1) (52.3,34.4,0,1) (52.3,-20,0,1) (-13.546,39.0784,-4.21832,1) (-32.0238,34.7116,-0.318574,1) (-28.2643,-15.1428,-2.15278,1) (-11.8336,37.1538,9.51831,1) (-16.5118,-22.0953,0.0784585,1) (24.2,34.4,0,1) (24.2,-20,0,1) (-6.57667,-15.341,-0.0154674,1) (52.3,7.2,0,1) (-12.0166,27.8176,0,2) (11.6,10,0,2) (-5,31.6,0,2)
78 (-25.1241,25.9838,8.97996,1) (52.3,34.4,0,1) (52.3,-20,0,1) (-14.3319,38.8771,-4.41546,1) (-32.0662,34.8169,-0.374254,1) (-28.8395,-15.8906,-1.82132,1) (-11.7455,36.9984,9.64031,1) (-16.5122,-22.673,0.0821473,1) (24.2,34.4,0,1) (24.2,-20,0,1) (-7.37467,-14.8593,-0.016435,1) (52.3,7.2,0,1) (-12.0166,27.8176,0,2) (12.4,10,0,2) (-5,32.4,0,2)
79 (-26.0802,26.1293,8.8189,1) (52.3,34.4,0,1) (52.3,-20,0,1) (-15.0906,38.5949,-4.60839,1) (-32.1262,34.9244,-0.430152,1) (-29.4147,-16.6385,-1.48985,1) (-11.6803,36.8527,9.74694,1) (-16.373,-23.2767,0.0855023,1) (24.2,34.4,0,1) (24.2,-20,0,1) (-8.24432,-14.4218,-0.01676,1) (52.3,7.2,0,1) (-12.0166,27.8176,0,2) (13.2,10,0,2) (-5,33.2,0,2)
80 (-27.0355,26.2745,8.65757,1) (52.3,34.4,0,1) (52.3,-20,0,1) (-15.8233,38.2442,-4.80522,1) (-32.2054,35.0526,-0.468178,1) (-29.9899,-17.3864,-1.15839,1) (-11.6298,36.7176,9.84307,1) (-16.1044,-23.8766,0.0883349,1) (24.2,34.4,0,1) (24.2,-20,0,1) (-9.16704,-14.0363,-0.0164612,1) (52.3,7.2,0,1) (-12.0166,27.8176,0,2) (14,10,0,2) (-5,34,0,2)
81 (-27.9899,26.4179,8.4944,1) (52.3,34.4,0,1) (52.3,-20,0,1) (-16.5436,37.8301,-5.00317,1) (-32.282,35.213,-0.471637,1) (-30.565,-18.1342,-0.826931,1) (-11.589,36.5928,9.93193,1) (-15.6617,-24.4371,0.090178,1) (24.2,34.4,0,1) (24.2,-20,0,1) (-10.0898,-13.6508,-0.0161624,1) (52.3,7.2,0,1) (-12.0166,27.8176,0,2) (14.8,10,0,2) (-5,34.8,0,2)
82 (-28.943,26.5591,8.32822,1) (52.3,34.4,0,1) (52.3,-20,0,1) (-17.2654,37.3522,-5.19435,1) (-32.3377,35.4034,-0.437438,1) (-31.1402,-18.8821,-0.495469,1) (-11.5551,36.4779,10.0154,1) (-14.9802,-24.8344,0.0898036,1) (24.2,34.4,0,1) (24.2,-20,0,1) (-11.0125,-13.2654,-0.0158636,1) (52.3,7.2,0,1) (-12.0166,27.8176,0,2) (15.6,10,0,2) (-5,35.6,0,2)
83 (-29.8947,26.6984,8.15953,1) (52.3,34.4,0,1) (52.3,-20,0,1) (-17.9987,36.8082,-5.36094,1) (-32.3771,35.6058,-0.38599,1) (-31.7154,-19.63,-0.164007,1) (-11.5263,36.3714,10.0943,1) (-14.1388,-24.9718,0.0867871,1) (24.2,34.4,0,1) (24.2,-20,0,1) (-11.9352,-12.8799,-0.0155648,1) (52.3,7.2,0,1) (-12.0166,27.8176,0,2) (16.4,10,0,2) (-5,36.4,0,2)
84 (-30.8451,26.837,7.99004,1) (52.3,34.4,0,1) (52.3,-20,0,1) (-18.7355,36.2039,-5.48046,1) (-32.445,35.7925,-0.357755,1) (-32,-20,0,1) (-11.4389,36.1939,10.1429,1) (-13.2303,-24.8117,0.0812165,1) (24.2,34.4,0,1) (24.2,-20,0,1) (-12.8579,-12.4944,-0.015266,1) (52.3,7.2,0,1) (-12.0166,27.8176,0,2) (17.2,10,0,2) (-5,37.2,0,2)
85 (-31.7947,26.9761,7.82131,1) (52.3,34.4,0,1) (52.3,-20,0,1) (-19.4642,35.5433,-5.53337,1) (-32.5513,35.9566,-0.362292,1) (-32.0566,-20.0668,0.00733261,1) (-11.246,36,10.1519,1) (-12.3419,-24.358,0.0734732,1) (24.2,34.4,0,1) (24.2,-20,0,1) (-13.7806,-12.1089,-0.0149672,1) (52.3,7.2,0,1) (-12.0166,27.8176,0,2) (18,10,0,2) (-5,38,0,2)
86 (-32.7435,27.1161,7.65354,1) (52.3,34.4,0,1) (52.3,-20,0,1) (-20.1622,34.8273,-5.52644,1) (-32.6754,36.1075,-0.384939,1) (-32,-20,0,1) (-10.9426,35.8108,10.1113,1) (-11.4556,-23.895,0.0656668,1) (24.2,34.4,0,1) (24.2,-20,0,1) (-14.7033,-11.7234,-0.0146684,1) (52.3,7.2,0,1) (-12.0166,27.8176,0,2) (18.8,10,0,2) (-5,38.8,0,2)
87 (-33.6911,27.2565,7.48631,1) (52.3,34.4,0,1) (52.3,-20,0,1) (-20.8054,34.0585,-5.47973,1) (-32.7918,36.2467,-0.41965,1) (-32,-20,0,1) (-10.539,35.6323,10.0103,1) (-10.5692,-23.4319,0.0578604,1) (24.2,34.4,0,1) (24.2,-20,0,1) (-15.6261,-11.338,-0.0143696,1) (52.3,7.2,0,1) (-12.0166,27.8176,0,2) (19.6,10,0,2) (-5,39.6,0,2)
88 (-34.6375,27.397,7.31942,1) (52.3,34.4,0,1) (52.3,-20,0,1) (-21.3905,33.2516,-5.39794,1) (-32.8718,36.3681,-0.468788,1) (-32,-20,0,1) (-10.0508,35.4683,9.83838,1) (-9.68294,-22.9689,0.050054,1) (24.2,34.4,0,1) (24.2,-20,0,1) (-16.5488,-10.9525,-0.0140708,1) (52.3,7.2,0,1) (-12.0166,27.8176,0,2) (20.4,10,0,2) (-5,40.4,0,2)
89 (-35.5883,27.5659,7.12683,1) (52.3,34.4,0,1) (52.3,-20,0,1) (-21.9755,32.4447,-5.31615,1) (-32.8807,36.4561,-0.478591,1) (-32,-20,0,1) (-9.51344,35.3497,9.59357,1) (-8.79663,-22.5059,0.0422476,1) (24.2,34.4,0,1) (24.2,-20,0,1) (-17.4715,-10.567,-0.013772,1) (52.3,7.2,0,1) (-12.0166,27.8176,0,2) (21.2,10,0,2) (-5,41.2,0,2)
90 (-36.5376,27.7629,6.90929,1) (52.3,34.4,0,1) (52.3,-20,0,1) (-22.5605,31.6378,-5.23436,1) (-32.8395,36.5137,-0.444433,1) (-32,-20,0,1) (-8.94112,35.2845,9.27461,1) (-7.91032,-22.0428,0.0344412,1) (24.2,34.4,0,1) (24.2,-20,0,1) (-18.3942,-10.1815,-0.0134732,1) (52.3,7.2,0,1) (-12.0166,27.8176,0,2) (22,10,0,2) (-5,42,0,2)
91 (-37.4771,27.9969,6.65983,1) (52.3,34.4,0,1) (52.3,-20,0,1) (-23.1455,30.8309,-5.15257,1) (-32.7719,36.5281,-0.364264,1) (-32,-20,0,1) (-8.34669,35.2787,8.8816,1) (-7.02401,-21.5798,0.0266348,1) (24.2,34.4,0,1) (24.2,-20,0,1) (-19.3169,-9.79604,-0.0131744,1) (52.3,7.2,0,1) (-12.0166,27.8176,0,2) (22.8,10,0,2) (-5,42.8,0,2)
92 (-38.4022,28.2599,6.38625,1) (52.3,34.4,0,1) (52.3,-20,0,1) (-23.7306,30.0241,-5.07078,1) (-32.6988,36.4963,-0.256558,1) (-32,-20,0,1) (-7.74267,35.3366,8.41615,1) (-6.1377,-21.1168,0.0188284,1) (24.2,34.4,0,1) (24.2,-20,0,1) (-20.2396,-9.41056,-0.0128756,1) (52.3,7.2,0,1) (-12.0166,27.8176,0,2) (23.6,10,0,2) (-5,43.6,0,2)
93 (-39.3274,28.523,6.11268,1) (52.3,34.4,0,1) (52.3,-20,0,1) (-24.3156,29.2172,-4.98899,1) (-32.6318,36.4025,-0.114414,1) (-32,-20,0,1) (-7.1412,35.461,7.88111,1) (-5.25139,-20.6538,0.011022,1) (24.2,34.4,0,1) (24.2,-20,0,1) (-21.1623,-9.02508,-0.0125768,1) (52.3,7.2,0,1) (-12.0166,27.8176,0,2) (24.4,10,0,2) (-5,44.4,0,2)
94 (-40.2526,28.786,5.83911,1) (52.3,34.4,0,1) (52.3,-20,0,1) (-24.9006,28.4103,-4.9072,1) (-32.5954,36.1977,0.0809553,1) (-32,-20,0,1) (-6.55378,35.6527,7.27909,1) (-4.36508,-20.1907,0.00321558,1) (24.2,34.4,0,1) (24.2,-20,0,1) (-22.0851,-8.6396,-0.012278,1) (52.3,7.2,0,1) (-12.0166,27.8176,0,2) (25.2,10,0,2) (-5,45.2,0,2)
95 (-41.1778,29.049,5.56554,1) (52.3,34.4,0,1) (52.3,-20,0,1) (-25.4856,27.6034,-4.82541,1) (-32.6192,35.8552,0.298687,1) (-32,-20,0,1) (-5.97844,35.8338,6.64666,1) (-4,-20,0,1) (24.2,34.4,0,1) (24.2,-20,0,1) (-23.0078,-8.25412,-0.0119792,1) (52.3,7.2,0,1) (-12.0166,27.8176,0,2) (26,10,0,2) (-5,46,0,2)
96 (-42.103,29.312,5.29197,1) (52.3,34.4,0,1) (52.3,-20,0,1) (-26.0706,26.7965,-4.74362,1) (-32.6191,35.4995,0.439487,1) (-32,-20,0,1) (-5.42002,35.9751,5.9572,1) (-4,-20,0,1) (24.2,34.4,0,1) (24.2,-20,0,1) (-23.9305,-7.86864,-0.0116804,1) (52.3,7.2,0,1) (-12.0166,27.8176,0,2) (26.8,10,0,2) (-5,46.8,0,2)
97 (-43.0282,29.5751,5.0184,1) (52.3,34.4,0,1) (52.3,-20,0,1) (-26.6557,25.9896,-4.66182,1) (-32.4873,35.2388,0.424652,1) (-32,-20,0,1) (-4.89589,36.0651,5.21757,1) (-4,-20,0,1) (24.2,34.4,0,1) (24.2,-20,0,1) (-24.8532,-7.48316,-0.0113816,1) (52.3,7.2,0,1) (-12.0166,27.8176,0,2) (27.6,10,0,2) (-5,47.6,0,2)
98 (-43.9534,29.8381,4.74483,1) (52.3,34.4,0,1) (52.3,-20,0,1) (-27.2407,25.1828,-4.58003,1) (-32.2937,34.9918,0.294571,1) (-32,-20,0,1) (-4.41608,36.1016,4.44057,1) (-4,-20,0,1) (24.2,34.4,0,1) (24.2,-20,0,1) (-25.7759,-7.09768,-0.0110828,1) (52.3,7.2,0,1) (-12.0166,27.8176,0,2) (28.4,10,0,2) (-5,48.4,0,2)
99 (-44.8786,30.1011,4.47126,1) (52.3,34.4,0,1) (52.3,-20,0,1) (-27.8257,24.3759,-4.49824,1) (-32.1074,34.6778,0.121655,1) (-32,-20,0,1) (-3.98634,36.0864,3.64077,1) (-4,-20,0,1) (24.2,34.4,0,1) (24.2,-20,0,1) (-26.6986,-6.7122,-0.010784,1) (52.3,7.2,0,1) (-12.0166,27.8176,0,2) (29.2,10,0,2) (-5,49.2,0,2)
100 (-45.8038,30.3641,4.19769,1) (52.3,34.4,0,1) (52.3,-20,0,1) (-28.4107,23.569,-4.41645,1) (-32,34.4,0,1) (-32,-20,0,1) (-3.61079,36.0241,2.83518,1) (-4,-20,0,1) (24.2,34.4,0,1) (24.2,-20,0,1) (-27.6214,-6.32672,-0.0104852,1) (52.3,7.2,0,1) (-12.0166,27.8176,0,2) (30,10,0,2) (-5,50,0,2)
101 (-46.729,30.6272,3.92412,1) (52.3,34.4,0,1) (52.3,-20,0,1) (-28.9958,22.7621,-4.33466,1) (-32,34.4,0,1) (-32,-20,0,1) (-3.29382,35.9219,2.04732,1) (-4,-20,0,1) (24.2,34.4,0,1) (24.2,-20,0,1) (-28.5441,-5.94124,-0.0101864,1) (52.3,7.2,0,1) (-12.0166,27.8176,0,2) (30.8,10,0,2) (-5,50.8,0,2)
102 (-47.6541,30.8902,3.65055,1) (52.3,34.4,0,1) (52.3,-20,0,1) (-29.5808,21.9552,-4.25287,1) (-32,34.4,0,1) (-32,-20,0,1) (-3.04117,35.7927,1.31568,1) (-4,-20,0,1) (24.2,34.4,0,1) (24.2,-20,0,1) (-29.4668,-5.55576,-0.00988756,1) (52.3,7.2,0,1) (-12.0166,27.8176,0,2) (31.6,10,0,2) (-5,51.6,0,2)
103 (-48.5793,31.1532,3.37698,1) (52.3,34.4,0,1) (52.3,-20,0,1) (-30.1658,21.1483,-4.17108,1) (-32,34.4,0,1) (-32,-20,0,1) (-2.85875,35.6605,0.702922,1) (-4,-20,0,1) (24.2,34.4,0,1) (24.2,-20,0,1) (-30.3895,-5.17028,-0.00958875,1) (52.3,7.2,0,1) (-12.0166,27.8176,0,2) (32.4,10,0,2) (-5,52.4,0,2)
104 (-49.5045,31.4162,3.10341,1) (52.3,34.4,0,1) (52.3,-20,0,1) (-30.7508,20.3415,-4.08929,1) (-32,34.4,0,1) (-32,-20,0,1) (-2.74533,35.5569,0.275255,1) (-4,-20,0,1) (24.2,34.4,0,1) (24.2,-20,0,1) (-31.3122,-4.7848,-0.00928995,1) (52.3,7.2,0,1) (-12.0166,27.8176,0,2) (33.2,10,0,2) (-5,53.2,0,2)
105 (-50.4297,31.6793,2.82984,1) (52.3,34.4,0,1) (52.3,-20,0,1) (-31.3358,19.5346,-4.0075,1) (-32,34.4,0,1) (-32,-20,0,1) (-2.68396,35.4947,0.0305772,1) (-4,-20,0,1) (24.2,34.4,0,1) (24.2,-20,0,1) (-32.2349,-4.39932,-0.00899115,1) (52.3268,7.19325,0,1) (-12.0166,27.8176,0,2) (34,10,0,2) (-5,54,0,2)
106 (-51.3549,31.9423,2.55627,1) (52.3,34.4,0,1) (52.3,-20,0,1) (-31.9209,18.7277,-3.92571,1) (-32,34.4,0,1) (-32,-20,0,1) (-2.65258,35.4617,-0.0971068,1) (-4,-20,0,1) (24.2,34.4,0,1) (24.2,-20,0,1) (-33.1577,-4.01384,-0.00869234,1) (52.4026,7.17216,0,1) (-12.0166,27.8176,0,2) (34.8,10,0,2) (-5,54.8,0,2)
107 (-52.2801,32.2053,2.2827,1) (52.3,34.4,0,1) (52.3,-20,0,1) (-32.5059,17.9208,-3.84391,1) (-32,34.4,0,1) (-32,-20,0,1) (-2.63831,35.4472,-0.15395,1) (-4,-20,0,1) (24.2,34.4,0,1) (24.2,-20,0,1) (-34.0804,-3.62836,-0.00839354,1) (52.5353,7.131,0,1) (-12.0166,27.8176,0,2) (35.6,10,0,2) (-5,55.6,0,2)
108 (-53.2053,32.4683,2.00913,1) (52.3,34.4,0,1) (52.3,-20,0,1) (-33.0741,17.1466,-3.77236,1) (-32,34.4,0,1) (-32,-20,0,1) (-2.64423,35.4561,-0.124142,1) (-4,-20,0,1) (24.2,34.4,0,1) (24.2,-20,0,1) (-35.0199,-3.27551,0.00214648,1) (52.7241,7.06441,0,1) (-12.0166,27.8176,0,2) (36.4,10,0,2) (-5,56.4,0,2)
109 (-54.1305,32.7313,1.73556,1) (52.3,34.4,0,1) (52.3,-20,0,1) (-33.62,16.4027,-3.71222,1) (-32,34.4,0,1) (-32,-20,0,1) (-2.66757,35.4767,-0.0378342,1) (-4,-20,0,1) (24.2,34.4,0,1) (24.2,-20,0,1) (-35.9817,-2.95295,0.0242529,1) (52.9638,6.9659,0,1) (-12.0166,27.8176,0,2) (37.2,10,0,2) (-5,57.2,0,2)
110 (-55.0557,32.9944,1.46199,1) (52.3,34.4,0,1) (52.3,-20,0,1) (-34.1427,15.6786,-3.66194,1) (-32,34.4,0,1) (-32,-20,0,1) (-2.69459,35.4959,0.0521984,1) (-4,-20,0,1) (24.2,34.4,0,1) (24.2,-20,0,1) (-36.9674,-2.64966,0.0565607,1) (53.2449,6.82622,0,1) (-12.0166,27.8176,0,2) (38,10,0,2) (-5,58,0,2)
111 (-55.9809,33.2574,1.18842,1) (52.3,34.4,0,1) (52.3,-20,0,1) (-34.6425,14.9635,-3.61946,1) (-32,34.4,0,1) (-32,-20,0,1) (-2.71057,35.505,0.100463,1) (-4,-20,0,1) (24.2,34.4,0,1) (24.2,-20,0,1) (-37.9771,-2.354,0.097153,1) (53.5533,6.63125,0,1) (-12.0166,27.8176,0,2) (38.8,10,0,2) (-5,58.8,0,2)
112 (-56.906,33.5204,0.914852,1) (52.3,34.4,0,1) (52.3,-20,0,1) (-35.1221,14.2469,-3.58215,1) (-32,34.4,0,1) (-32,-20,0,1) (-2.71152,35.4992,0.0896706,1) (-4,-20,0,1) (24.2,34.4,0,1) (24.2,-20,0,1) (-39.0092,-2.05404,0.143379,1) (53.8764,6.37749,0,1) (-12.0166,27.8176,0,2) (39.6,10,0,2) (-5,59.6,0,2)
113 (-57.8312,33.7834,0.641282,1) (52.3,34.4,0,1) (52.3,-20,0,1) (-35.587,13.5194,-3.54679,1) (-32,34.4,0,1) (-32,-20,0,1) (-2.70356,35.4807,0.0352917,1) (-4,-20,0,1) (24.2,34.4,0,1) (24.2,-20,0,1) (-40.059,-1.73856,0.191789,1) (54.1968,6.05797,0,1) (-12.0166,27.8176,0,2) (40.4,10,0,2) (-5,60.4,0,2)
114 (-58.7564,34.0465,0.367712,1) (52.3,34.4,0,1) (52.3,-20,0,1) (-36.0478,12.7852,-3.51063,1) (-32,34.4,0,1) (-32,-20,0,1) (-2.69463,35.4591,-0.0276713,1) (-4,-20,0,1) (24.2,34.4,0,1) (24.2,-20,0,1) (-41.1158,-1.41114,0.23931,1) (54.4896,5.66233,0,1) (-12.0166,27.8176,0,2) (41.2,10,0,2) (-5,61.2,0,2)
115 (-59.6816,34.3095,0.0941423,1) (52.3,34.4,0,1) (52.3,-20,0,1) (-36.509,12.0522,-3.4736,1) (-32,34.4,0,1) (-32,-20,0,1) (-2.69035,35.4451,-0.0657398,1) (-4,-20,0,1) (24.2,34.4,0,1) (24.2,-20,0,1) (-42.1748,-1.08062,0.285696,1) (54.7183,5.1803,0,1) (-12.0166,27.8176,0,2) (42,10,0,2) (-5,62,0,2)
116 (-60,34.4,0,1) (52.3,34.4,0,1) (52.3,-20,0,1) (-36.9707,11.3207,-3.43568,1) (-32,34.4,0,1) (-32,-20,0,1) (-2.69391,35.4432,-0.0635804,1) (-4,-20,0,1) (24.2,34.4,0,1) (24.2,-20,0,1) (-43.2361,-0.746742,0.330869,1) (54.9432,4.68626,0,1) (-12.0166,27.8176,0,2) (42.7999,10,0,2) (-5,62.7999,0,2)
117 (-60,34.4,0,1) (52.3,34.4,0,1) (52.3,-20,0,1) (-37.4328,10.5905,-3.39687,1) (-32,34.4,0,1) (-32,-20,0,1) (-2.70485,35.4501,-0.0290517,1) (-4,-20,0,1) (24.2,34.4,0,1) (24.2,-20,0,1) (-44.3001,-0.409187,0.374763,1) (55.2201,4.23274,0,1) (-12.0166,27.8176,0,2) (43.5999,10,0,2) (-5,63.5999,0,2)
118 (-60,34.4,0,1) (52.3,34.4,0,1) (52.3,-20,0,1) (-37.8954,9.86175,-3.35719,1) (-32,34.4,0,1) (-32,-20,0,1) (-2.71821,35.4592,0.0145995,1) (-4,-20,0,1) (24.2,34.4,0,1) (24.2,-20,0,1) (-45.3668,-0.0676019,0.417302,1) (55.524,3.80015,0,1) (-12.0166,27.8176,0,2) (44.3999,10,0,2) (-5,64.3999,0,2)
119 (-60,34.4,0,1) (52.3,34.4,0,1) (52.3,-20,0,1) (-38.3585,9.13446,-3.31665,1) (-32,34.4,0,1) (-32,-20,0,1) (-2.72769,35.4646,0.0432954,1) (-4,-20,0,1) (24.2,34.4,0,1) (24.2,-20,0,1) (-46.4365,0.278427,0.458399,1) (55.8433,3.37936,0,1) (-12.0166,27.8176,0,2) (45.1999,10,0,2) (-5,65.2,0,2)
120 (-60,34.4,0,1) (52.3,34.4,0,1) (52.3,-20,0,1) (-38.8221,8.40866,-3.27525,1) (-32,34.4,0,1) (-32,-20,0,1) (-2.73027,35.4631,0.0446529,1) (-4,-20,0,1) (24.2,34.4,0,1) (24.2,-20,0,1) (-47.5097,0.629386,0.497952,1) (56.1717,2.96569,0,1) (-12.0166,27.8176,0,2) (45.9999,10,0,2) (-5,66,0,2)
121 (-60,34.4,0,1) (52.3,34.4,0,1) (52.3,-20,0,1) (-39.2863,7.68439,-3.23299,1) (-32,34.4,0,1) (-32,-20,0,1) (-2.72743,35.4553,0.0225359,1) (-4,-20,0,1) (24.2,34.4,0,1) (24.2,-20,0,1) (-48.5866,0.985852,0.535837,1) (56.506,2.5566,0,1) (-12.0166,27.8176,0,2) (46.7999,10,0,2) (-5,66.8,0,2)
122 (-60,34.4,0,1) (52.3,34.4,0,1) (52.3,-20,0,1) (-39.751,6.96169,-3.18991,1) (-32,34.4,0,1) (-32,-20,0,1) (-2.72289,35.4451,-0.00759976,1) (-4,-20,0,1) (24.2,34.4,0,1) (24.2,-20,0,1) (-49.6677,1.34852,0.571903,1) (56.8442,2.15058,0,1) (-12.0166,27.8176,0,2) (47.5999,10,0,2) (-5,67.6,0,2)
123 (-60,34.4,0,1) (52.3,34.4,0,1) (52.3,-20,0,1) (-40.2164,6.24048,-3.14595,1) (-32,34.4,0,1) (-32,-20,0,1) (-2.72012,35.4377,-0.0286879,1) (-4,-20,0,1) (24.2,34.4,0,1) (24.2,-20,0,1) (-50.7535,1.71836,0.605932,1) (57.1852,1.74671,0,1) (-12.0166,27.8176,0,2) (48.3999,10,0,2) (-5,68.4,0,2)
124 (-60,34.4,0,1) (52.3,34.4,0,1) (52.3,-20,0,1) (-40.7892,5.4537,-3.05951,1) (-32,34.4,0,1) (-32,-20,0,1) (-2.72112,35.4357,-0.0312087,1) (-4,-20,0,1) (24.2,34.4,0,1) (24.2,-20,0,1) (-51.7433,2.18744,0.593563,1) (57.5281,1.34441,0,1) (-12.0166,27.8176,0,2) (49.1999,10,0,2) (-5,69.2,0,2)
125 (-60,34.4,0,1) (52.3,34.4,0,1) (52.3,-20,0,1) (-41.3701,4.66462,-2.97025,1) (-32,34.4,0,1) (-32,-20,0,1) (-2.72577,35.4385,-0.0169406,1) (-4,-20,0,1) (24.2,34.4,0,1) (24.2,-20,0,1) (-52.7284,2.66709,0.57603,1) (57.8727,0.943362,0,1) (-12.0166,27.8176,0,2) (49.9999,10,0,2) (-5,70,0,2)
126 (-60,34.4,0,1) (52.3,34.4,0,1) (52.3,-20,0,1) (-41.97,3.87033,-2.87459,1) (-32,34.4,0,1) (-32,-20,0,1) (-2.7319,35.443,0.00382454,1) (-4,-20,0,1) (24.2,34.4,0,1) (24.2,-20,0,1) (-53.5858,3.19419,0.512089,1) (58.2032,0.534553,0,1) (-12.0166,27.8176,0,2) (50.7999,10,0,2) (-5,70.8,0,2)
127 (-60,34.4,0,1) (52.3,34.4,0,1) (52.3,-20,0,1) (-42.57,3.07603,-2.77894,1) (-32,34.4,0,1) (-32,-20,0,1) (-2.73663,35.4461,0.0190947,1) (-4,-20,0,1) (24.2,34.4,0,1) (24.2,-20,0,1) (-54.432,3.72269,0.444528,1) (58.3921,0.0665756,0,1) (-12.0166,27.8176,0,2) (51.5999,10,0,2) (-5,71.6,0,2)
128 (-60,34.4,0,1) (52.3,34.4,0,1) (52.3,-20,0,1) (-43.1699,2.28174,-2.68329,1) (-32,34.4,0,1) (-32,-20,0,1) (-2.73827,35.446,0.0217547,1) (-4,-20,0,1) (24.2,34.4,0,1) (24.2,-20,0,1) (-55.2783,4.25119,0.376967,1) (58.4614,-0.413686,0,1) (-12.0166,27.8176,0,2) (52.3999,10,0,2) (-5,72.4,0,2)
129 (-60,34.4,0,1) (52.3,34.4,0,1) (52.3,-20,0,1) (-43.7699,1.48744,-2.58763,1) (-32,34.4,0,1) (-32,-20,0,1) (-2.73712,35.4427,0.012507,1) (-4,-20,0,1) (24.2,34.4,0,1) (24.2,-20,0,1) (-56.1245,4.77968,0.309406,1) (58.4125,-0.879492,0,1) (-12.0166,27.8176,0,2) (53.1999,10,0,2) (-5,73.2,0,2)
130 (-60,34.4,0,1) (52.3,34.4,0,1) (52.3,-20,0,1) (-44.3699,0.693147,-2.49198,1) (-32,34.4,0,1) (-32,-20,0,1) (-2.7348,35.438,-0.00178664,1) (-4,-20,0,1) (24.2,34.4,0,1) (24.2,-20,0,1) (-56.9708,5.30818,0.241844,1) (58.2476,-1.30598,0,1) (-12.0166,27.8176,0,2) (53.9999,10,0,2) (-5,74,0,2)
131 (-60,34.4,0,1) (52.3,34.4,0,1) (52.3,-20,0,1) (-44.9698,-0.101149,-2.39633,1) (-32,34.4,0,1) (-32,-20,0,1) (-2.73315,35.4343,-0.0127449,1) (-4,-20,0,1) (24.2,34.4,0,1) (24.2,-20,0,1) (-57.817,5.83668,0.174283,1) (57.9713,-1.66832,0,1) (-12.0166,27.8176,0,2) (54.7999,10,0,2) (-5,74.8,0,2)
132 (-60,34.4,0,1) (52.3,34.4,0,1) (52.3,-20,0,1) (-45.5698,-0.895444,-2.30067,1) (-32,34.4,0,1) (-32,-20,0,1) (-2.73329,35.4331,-0.0151391,1) (-4,-20,0,1) (24.2,34.4,0,1) (24.2,-20,0,1) (-58.6633,6.36517,0.106722,1) (57.5922,-1.94125,0,1) (-12.0166,27.8176,0,2) (55.5999,10,0,2) (-5,75.6,0,2)
133 (-60,34.4,0,1) (52.3,34.4,0,1) (52.3,-20,0,1) (-46.1697,-1.68974,-2.20502,1) (-32,34.4,0,1) (-32,-20,0,1) (-2.73524,35.4343,-0.00913224,1) (-4,-20,0,1) (24.2,34.4,0,1) (24.2,-20,0,1) (-59.5095,6.89367,0.0391602,1) (57.1247,-2.0999,0,1) (-12.0166,27.8176,0,2) (56.3999,10,0,2) (-5,76.4,0,2)
134 (-60,34.4,0,1) (52.3,34.4,0,1) (52.3,-20,0,1) (-46.7697,-2.48403,-2.10937,1) (-32,34.4,0,1) (-32,-20,0,1) (-2.73803,35.4365,0.000699052,1) (-4,-20,0,1) (24.2,34.4,0,1) (24.2,-20,0,1) (-60,7.2,0,1) (56.5895,-2.12162,0,1) (-12.0166,27.8176,0,2) (57.1999,10,0,2) (-5,77.2,0,2)
135 (-60,34.4,0,1) (52.3,34.4,0,1) (52.3,-20,0,1) (-47.3696,-3.27833,-2.01371,1) (-32,34.4,0,1) (-32,-20,0,1) (-2.74031,35.4382,0.00851759,1) (-4,-20,0,1) (24.2,34.4,0,1) (24.2,-20,0,1) (-60,7.2,0,1) (56.0138,-1.98842,0,1) (-12.0166,27.8176,0,2) (57.9999,10,0,2) (-5,78,0,2)
136 (-60,34.4,0,1) (52.3,34.4,0,1) (52.3,-20,0,1) (-47.9696,-4.07262,-1.91806,1) (-32,34.4,0,1) (-32,-20,0,1) (-2.7412,35.4384,0.0105218,1) (-4,-20,0,1) (24.2,34.4,0,1) (24.2,-20,0,1) (-60,7.2,0,1) (55.4293,-1.68909,0,1) (-12.0166,27.8176,0,2) (58.7999,10,0,2) (-5,78.8,0,2)
137 (-60,34.4,0,1) (52.3,34.4,0,1) (52.3,-20,0,1) (-48.5695,-4.86692,-1.82241,1) (-32,34.4,0,1) (-32,-20,0,1) (-2.7407,35.4371,0.00662011,1) (-4,-20,0,1) (24.2,34.4,0,1) (24.2,-20,0,1) (-60,7.2,0,1) (54.8702,-1.22076,0,1) (-12.0166,27.8176,0,2) (59.5999,10,0,2) (-5,79.6,0,2)
138 (-60,34.4,0,1) (52.3,34.4,0,1) (52.3,-20,0,1) (-49.1695,-5.66122,-1.72675,1) (-32,34.4,0,1) (-32,-20,0,1) (-2.73954,35.4349,-0.000136598,1) (-4,-20,0,1) (24.2,34.4,0,1) (24.2,-20,0,1) (-60,7.2,0,1) (54.3702,-0.589279,0,1) (-12.0166,27.8176,0,2) (60.3999,10,0,2) (-5,80.4,0,2)
139 (-60,34.4,0,1) (52.3,34.4,0,1) (52.3,-20,0,1) (-49.7694,-6.45551,-1.6311,1) (-32,34.4,0,1) (-32,-20,0,1) (-2.7386,35.4331,-0.00569293,1) (-4,-20,0,1) (24.2,34.4,0,1) (24.2,-20,0,1) (-60,7.2,0,1) (53.9594,0.191576,0,1) (-12.0166,27.8176,0,2) (61.1999,10,0,2) (-5,81.2,0,2)
140 (-60,34.4,0,1) (52.3,34.4,0,1) (52.3,-20,0,1) (-50.3694,-7.24981,-1.53545,1) (-32,34.4,0,1) (-32,-20,0,1) (-2.73852,35.4324,-0.00730461,1) (-4,-20,0,1) (24.2,34.4,0,1) (24.2,-20,0,1) (-60,7.2,0,1) (53.6625,1.10177,0,1) (-12.0166,27.8176,0,2) (61.9999,10,0,2) (-5,82,0,2)
141 (-60,34.4,0,1) (52.3,34.4,0,1) (52.3,-20,0,1) (-50.9694,-8.0441,-1.43979,1) (-32,34.4,0,1) (-32,-20,0,1) (-2.73933,35.4329,-0.00477488,1) (-4,-20,0,1) (24.2,34.4,0,1) (24.2,-20,0,1) (-60,7.2,0,1) (53.4445,2.07771,0,1) (-12.0166,27.8176,0,2) (62.7999,10,0,2) (-5,82.8,0,2)
142 (-60,34.4,0,1) (52.3,34.4,0,1) (52.3,-20,0,1) (-51.5693,-8.8384,-1.34414,1) (-32,34.4,0,1) (-32,-20,0,1) (-2.7406,35.434,-0.000135376,1) (-4,-20,0,1) (24.2,34.4,0,1) (24.2,-20,0,1) (-60,7.2,0,1) (53.2264,3.05365,0,1) (-12.0166,27.8176,0,2) (63.5999,10,0,2) (-5,83.6,0,2)
143 (-60,34.4,0,1) (52.3,34.4,0,1) (52.3,-20,0,1) (-52.1693,-9.63269,-1.24849,1) (-32,34.4,0,1) (-32,-20,0,1) (-2.74169,35.4349,0.00380187,1) (-4,-20,0,1) (24.2,34.4,0,1) (24.2,-20,0,1) (-60,7.2,0,1) (53.0084,4.02958,0,1) (-12.0166,27.8176,0,2) (64.3999,10,0,2) (-5,84.4,0,2)
144 (-60,34.4,0,1) (52.3,34.4,0,1) (52.3,-20,0,1) (-52.7692,-10.427,-1.15283,1) (-32,34.4,0,1) (-32,-20,0,1) (-2.74215,35.4352,0.0050656,1) (-4,-20,0,1) (24.2,34.4,0,1) (24.2,-20,0,1) (-60,7.2,0,1) (52.7903,5.00552,0,1) (-12.0166,27.8176,0,2) (65.1999,10,0,2) (-5,85.2,0,2)
145 (-60,34.4,0,1) (52.3,34.4,0,1) (52.3,-20,0,1) (-53.3692,-11.2213,-1.05718,1) (-32,34.4,0,1) (-32,-20,0,1) (-2.74193,35.4346,0.00343103,1) (-4,-20,0,1) (24.2,34.4,0,1) (24.2,-20,0,1) (-60,7.2,0,1) (52.5723,5.98146,0,1) (-12.0166,27.8176,0,2) (65.9999,10,0,2) (-5,86,0,2)
