14
0 (36,5,0,1) (30,22.4,0,1) (16,34,0,1) (-2.1,37.7,0,1) (-20,34,0,1) (-35,22.4,0,1) (-40,5,0,1) (-35,-12.4,0,1) (-20,-24,0,1) (-2.1,-27.7,0,1) (16,-24,0,1) (30.6,-12.4,0,1) (-12.0166,27.8176,0,2) (-50,10,0,2)
1 (35.1313,5.03922,0,1) (30.8806,22.8739,0,1) (16.0574,33.5848,0,1) (-2.17084,37.6294,0,1) (-20.8214,34.4931,0,1) (-34.5745,22.0312,0,1) (-39.0981,5.05839,0,1) (-34.4764,-12.2919,0,1) (-19.5098,-23.1792,0,1) (-1.79948,-27.5538,0,1) (15.5712,-23.5188,0,1) (31.1793,-12.2542,0,1) (-12.0166,27.8176,0,2) (-49.2,10,0,2)
2 (34.1758,5.33413,0,1) (31.7612,23.3477,0,1) (16.6176,32.7565,0,1) (-2.27355,37.5271,0,1) (-21.9458,34.5774,0,1) (-34.2287,21.6258,0,1) (-37.7944,5.15956,0,1) (-33.8598,-12.4465,0,1) (-18.9051,-22.3827,0,1) (-1.31183,-27.6211,0,1) (14.9986,-22.883,0,1) (31.9149,-11.5767,0,1) (-12.0166,27.8176,0,2) (-48.4,10,0,2)
3 (33.2202,5.62904,0,1) (32.6418,23.8216,0,1) (17.1779,31.9282,0,1) (-2.38706,37.4139,0,1) (-22.9456,34.5598,0,1) (-33.8662,21.1789,0,1) (-36.5177,5.29671,0,1) (-33.1035,-12.6856,0,1) (-18.3005,-21.5862,0,1) (-0.586087,-27.7585,0,1) (14.2382,-22.2049,0,1) (32.6504,-10.8992,0,1) (-12.0166,27.8176,0,2) (-47.6,10,0,2)
4 (32.2647,5.92394,0,1) (33.5224,24.2955,0,1) (17.7381,31.0998,0,1) (-2.50031,37.3011,0,1) (-23.9455,34.5422,0,1) (-33.4845,20.7468,0,1) (-35.3799,5.34337,0,1) (-32.2763,-12.945,0,1) (-17.6959,-20.7897,0,1) (0.131454,-27.8913,0,1) (13.4784,-21.5271,0,1) (33.3859,-10.2217,0,1) (-12.0166,27.8176,0,2) (-46.8,10,0,2)
5 (31.3092,6.21885,0,1) (34.403,24.7693,0,1) (18.2983,30.2715,0,1) (-2.60775,37.194,0,1) (-24.9453,34.5245,0,1) (-33.0647,20.333,0,1) (-34.2945,5.36391,0,1) (-31.4144,-13.2108,0,1) (-17.0912,-19.9932,0,1) (0.840427,-28.0194,0,1) (12.719,-20.8495,0,1) (34.1214,-9.54425,0,1) (-12.0166,27.8176,0,2) (-46,10,0,2)
6 (30.3537,6.51376,0,1) (35.2836,25.2432,0,1) (18.8586,29.4432,0,1) (-2.70693,37.0952,0,1) (-25.9452,34.5069,0,1) (-32.6037,19.9442,0,1) (-33.2238,5.37311,0,1) (-30.5345,-13.4763,0,1) (-16.4866,-19.1967,0,1) (1.54046,-28.1426,0,1) (11.9602,-20.1722,0,1) (34.857,-8.86676,0,1) (-12.0166,27.8176,0,2) (-45.2,10,0,2)
7 (29.3981,6.80867,0,1) (36.1642,25.717,0,1) (19.4188,28.6149,0,1) (-2.79701,37.0055,0,1) (-26.945,34.4892,0,1) (-32.101,19.5813,0,1) (-32.1526,5.37825,0,1) (-29.6456,-13.7379,0,1) (-15.8819,-18.4002,0,1) (2.23118,-28.2608,0,1) (11.2019,-19.4953,0,1) (35.5925,-8.18926,0,1) (-12.0166,27.8176,0,2) (-44.4,10,0,2)
8 (28.4426,7.10358,0,1) (37.0448,26.1909,0,1) (19.9791,27.7865,0,1) (-2.87804,36.9248,0,1) (-27.9449,34.4716,0,1) (-31.5586,19.2433,0,1) (-31.0748,5.38329,0,1) (-28.7516,-13.9968,0,1) (-15.2773,-17.6037,0,1) (2.91218,-28.3735,0,1) (10.4442,-18.8186,0,1) (36.328,-7.51177,0,1) (-12.0166,27.8176,0,2) (-43.6,10,0,2)
9 (27.4871,7.39849,0,1) (37.9254,26.6648,0,1) (20.5393,26.9582,0,1) (-2.9505,36.8526,0,1) (-28.9447,34.4539,0,1) (-30.9797,18.9284,0,1) (-29.9875,5.39089,0,1) (-27.8549,-14.2536,0,1) (-14.6727,-16.8072,0,1) (3.58308,-28.4808,0,1) (9.68711,-18.1423,0,1) (37.0635,-6.83427,0,1) (-12.0166,27.8176,0,2) (-42.8,10,0,2)
10 (26.5316,7.69339,0,1) (38.806,27.1386,0,1) (21.0996,26.1299,0,1) (-3.01506,36.7883,0,1) (-29.9445,34.4363,0,1) (-30.3677,18.6348,0,1) (-28.8888,5.40344,0,1) (-26.9568,-14.5086,0,1) (-14.068,-16.0107,0,1) (4.24347,-28.5823,0,1) (8.9307,-17.4664,0,1) (37.7991,-6.15678,0,1) (-12.0166,27.8176,0,2) (-42,10,0,2)
11 (25.561,7.96684,0,1) (39.6866,27.6125,0,1) (21.6748,25.323,0,1) (-3.07243,36.7311,0,1) (-30.9444,34.4186,0,1) (-29.7261,18.3605,0,1) (-27.7767,5.42365,0,1) (-26.0579,-14.7619,0,1) (-13.4634,-15.2142,0,1) (5.04964,-28.5557,0,1) (8.05144,-16.9254,0,1) (38.5346,-5.47929,0,1) (-12.0166,27.8176,0,2) (-41.2,10,0,2)
12 (24.5904,8.24034,0,1) (40.5672,28.0864,0,1) (22.2499,24.5162,0,1) (-3.12335,36.6805,0,1) (-31.9442,34.401,0,1) (-29.0579,18.1027,0,1) (-26.6692,5.44089,0,1) (-25.1587,-15.0138,0,1) (-12.8587,-14.4177,0,1) (5.89661,-28.4593,0,1) (7.13766,-16.4557,0,1) (39.2701,-4.80179,0,1) (-12.0166,27.8176,0,2) (-40.4,10,0,2)
13 (23.6198,8.51388,0,1) (41.4478,28.5602,0,1) (22.8249,23.7096,0,1) (-3.1685,36.6355,0,1) (-32,34.4,0,1) (-28.3662,17.8597,0,1) (-25.5682,5.45412,0,1) (-24.2594,-15.264,0,1) (-12.2541,-13.6212,0,1) (6.80474,-28.1735,0,1) (6.1945,-16.1234,0,1) (40.0056,-4.1243,0,1) (-12.0166,27.8176,0,2) (-39.6,10,0,2)
14 (22.649,8.78748,0,1) (42.3284,29.0341,0,1) (23.3998,22.903,0,1) (-3.20852,36.5957,0,1) (-32,34.4,0,1) (-27.6538,17.6297,0,1) (-24.4742,5.4629,0,1) (-23.3601,-15.5127,0,1) (-11.7119,-12.6052,0,1) (7.7098,-27.7483,0,1) (5.44223,-15.9291,0,1) (40.7412,-3.44681,0,1) (-12.0166,27.8176,0,2) (-38.8,10,0,2)
15 (21.6782,9.06112,0,1) (43.2089,29.508,0,1) (23.9744,22.0965,0,1) (-3.24397,36.5605,0,1) (-32,34.4,0,1) (-26.9231,17.4111,0,1) (-23.3881,5.46681,0,1) (-22.4613,-15.7597,0,1) (-11.1697,-11.5891,0,1) (8.61487,-27.323,0,1) (4.61699,-15.7811,0,1) (41.4767,-2.76931,0,1) (-12.0166,27.8176,0,2) (-38,10,0,2)
16 (20.7073,9.33482,0,1) (44.0895,29.9818,0,1) (24.549,21.2901,0,1) (-3.27538,36.5293,0,1) (-32,34.4,0,1) (-26.1765,17.2025,0,1) (-22.3105,5.46536,0,1) (-21.4866,-15.9836,0,1) (-10.6805,-10.6067,0,1) (9.51994,-26.8977,0,1) (3.79306,-15.6323,0,1) (42.2122,-2.09182,0,1) (-12.0166,27.8176,0,2) (-37.2,10,0,2)
17 (19.7364,9.60858,0,1) (44.9701,30.4557,0,1) (25.1234,20.4839,0,1) (-3.3032,36.5017,0,1) (-32,34.4,0,1) (-25.4158,17.0027,0,1) (-21.6562,5.25203,-1.87787,1) (-20.512,-16.2074,0,1) (-9.36463,-9.10053,0,1) (10.425,-26.4725,0,1) (2.97047,-15.4826,0,1) (42.9478,-1.41432,0,1) (-12.0166,27.8176,0,2) (-36.4,10,0,2)
18 (18.7653,9.88239,0,1) (45.8507,30.9295,0,1) (25.6976,19.6777,0,1) (-3.32786,36.4773,0,1) (-32,34.4,0,1) (-24.5099,16.529,0,1) (-20.8815,5.02228,-2.72583,1) (-19.5374,-16.4313,0,1) (-8.81282,-8.07884,0,1) (11.3301,-26.0472,0,1) (2.14958,-15.3326,0,1) (43.6833,-0.736831,0,1) (-12.0166,27.8176,0,2) (-35.6,10,0,2)
19 (17.8004,10.1655,0,1) (46.7313,31.4034,0,1) (26.2654,18.8624,0,1) (-3.34971,36.4557,0,1) (-32,34.4,0,1) (-23.5968,15.9251,0.0968521,1) (-20.1368,4.74854,-3.35233,1) (-18.5628,-16.6552,0,1) (-8.32198,-7.09586,0,1) (12.2351,-25.6219,0,1) (1.33008,-15.1817,0,1) (44.4188,-0.0593373,0,1) (-12.0166,27.8176,0,2) (-34.8,10,0,2)
20 (16.8457,10.4629,0,1) (47.6119,31.8773,0,1) (26.822,18.0316,0,1) (-3.36909,36.4367,0,1) (-32,34.4,0,1) (-22.6919,15.2926,0.243828,1) (-19.3678,4.4499,-3.91776,1) (-17.7654,-17.1546,0,1) (-7.82999,-6.11215,0,1) (13.1402,-25.1967,0,1) (0.815371,-14.8373,0,1) (45.1543,0.618156,0,1) (-12.0166,27.8176,0,2) (-34,10,0,2)
21 (15.8909,10.7603,0,1) (48.4925,32.3511,0,1) (27.3786,17.2008,0,1) (-3.38628,36.4198,0,1) (-32,34.4,0,1) (-21.7929,14.6502,0.405933,1) (-18.5796,4.14107,-4.45263,1) (-16.9745,-17.6499,0,1) (-7.3368,-5.12769,0,1) (14.0453,-24.7714,0,1) (0.300659,-14.4928,0,1) (45.8899,1.29565,0,1) (-12.0166,27.8176,0,2) (-33.2,10,0,2)
22 (14.9362,11.0577,0,1) (49.3731,32.825,0,1) (27.9351,16.37,0,1) (-3.40154,36.405,0,1) (-32,34.4,0,1) (-20.8976,14.007,0.567172,1) (-17.7843,3.82232,-4.96457,1) (-16.1912,-18.1402,0,1) (-6.84239,-4.14244,0,1) (14.9504,-24.3461,0,1) (-0.214051,-14.1484,0,1) (46.6254,1.97314,0,1) (-12.0166,27.8176,0,2) (-32.4,10,0,2)
23 (13.9814,11.3551,0,1) (50.2537,33.2989,0,1) (28.4917,15.5392,0,1) (-3.41512,36.3919,0,1) (-32,34.4,0,1) (-20.0031,13.3574,0.720507,1) (-17.009,3.51741,-5.49292,1) (-15.4172,-18.6246,0,1) (-6.34673,-3.1564,0,1) (15.8554,-23.9209,0,1) (-0.728764,-13.8039,0,1) (47.3609,2.65064,0,1) (-12.0166,27.8176,0,2) (-31.6,10,0,2)
24 (13.0266,11.6525,0,1) (51.1343,33.7727,0,1) (29.0483,14.7084,0,1) (-3.4272,36.3804,0,1) (-32,34.4,0,1) (-19.103,12.6737,0.852186,1) (-16.2891,3.31557,-6.11845,1) (-14.6544,-19.1018,0,1) (-5.77524,-2.24191,0,1) (16.7605,-23.4956,0,1) (-1.34054,-13.3971,0,1) (48.0965,3.32813,0,1) (-12.0166,27.8176,0,2) (-30.8,10,0,2)
25 (12.0719,11.9499,0,1) (52.0149,34.2466,0,1) (29.6048,13.8776,0,1) (-3.438,36.3703,0,1) (-32,34.4,0,1) (-18.201,11.9785,0.962933,1) (-15.6062,3.15779,-6.77805,1) (-13.9052,-19.5703,0,1) (-5.18289,-1.35658,0,1) (17.6656,-23.0703,0,1) (-1.98879,-12.9667,0,1) (48.832,4.00562,0,1) (-12.0166,27.8176,0,2) (-30,10,0,2)
26 (11.1171,12.2473,0,1) (52.3,34.4,0,1) (30.1614,13.0468,0,1) (-3.44766,36.3615,0,1) (-32,34.4,0,1) (-17.3355,11.3348,1.3625,1) (-14.991,3.12854,-7.50928,1) (-13.1726,-20.028,0,1) (-4.4981,-0.565072,-0.0100155,1) (18.5706,-22.6451,0,1) (-2.77083,-12.4504,0,1) (49.5675,4.68312,0,1) (-12.0166,27.8176,0,2) (-29.2,10,0,2)
27 (10.1624,12.5447,0,1) (52.3,34.4,0,1) (30.718,12.216,0,1) (-3.45635,36.3539,0,1) (-32,34.4,0,1) (-16.4855,10.525,1.66933,1) (-14.5367,3.54362,-8.15582,1) (-12.4605,-20.4726,0,1) (-3.83342,0.208816,-0.0228221,1) (19.4757,-22.2198,0,1) (-3.58153,-11.9155,0,1) (50.303,5.36061,0,1) (-12.0166,27.8176,0,2) (-28.4,10,0,2)
28 (9.20246,13.0609,0.00361998,1) (52.3,34.4,0,1) (31.2746,11.3852,0,1) (-3.46421,36.3472,0,1) (-32,34.4,0,1) (-15.685,9.60095,1.85742,1) (-14.1255,4.09217,-8.70396,1) (-11.7735,-20.9011,0,1) (-3.11882,0.764918,-0.0358828,1) (20.3808,-21.7945,0,1) (-4.39141,-11.3813,0,1) (51.0386,6.0381,0,1) (-12.0166,27.8176,0,2) (-27.6,10,0,2)
29 (8.24161,13.5771,0.00661819,1) (52.3,34.4,0,1) (31.8311,10.5544,0,1) (-3.47137,36.3416,0,1) (-32,34.4,0,1) (-14.9822,8.5889,2.0727,1) (-13.7131,4.63303,-9.24769,1) (-11.1171,-21.3098,0,1) (-2.44033,1.32018,-0.0495584,1) (21.2858,-21.3693,0,1) (-5.20042,-10.8475,0,1) (51.7741,6.7156,0,1) (-12.0166,27.8176,0,2) (-26.8,10,0,2)
30 (7.27983,14.0932,0.00966149,1) (52.3,34.4,0,1) (32.3877,9.72361,0,1) (-3.47795,36.3368,0,1) (-32,34.4,0,1) (-14.3887,7.46757,2.23409,1) (-13.3522,5.37372,-9.66725,1) (-10.3877,-21.6444,0,1) (-1.80778,1.87418,-0.0515351,1) (22.1909,-20.944,0,1) (-6.07883,-10.3898,0,1) (52.3,7.2,0,1) (-12.0166,27.8176,0,2) (-26,10,0,2)
31 (6.31709,14.6094,0.0112417,1) (52.3,34.4,0,1) (32.9443,8.89281,0,1) (-3.48409,36.3329,0,1) (-32,34.4,0,1) (-13.8382,6.64783,2.56806,1) (-13.0287,6.26713,-9.83833,1) (-9.54411,-21.8403,0,1) (-1.17788,2.42813,-0.0520145,1) (23.096,-20.5187,0,1) (-7.12802,-10.0549,-0.298732,1) (52.3,7.2,0,1) (-12.0166,27.8176,0,2) (-25.2,10,0,2)
32 (5.35338,15.1254,0.0124857,1) (52.3,34.4,0,1) (33.5008,8.06201,0,1) (-3.48989,36.3299,0,1) (-32,34.4,0,1) (-13.4362,5.80417,2.99896,1) (-12.6059,7.26379,-9.72949,1) (-8.64229,-21.8937,0.0133697,1) (-0.550727,2.98202,-0.052142,1) (24.001,-20.0935,0,1) (-8.14014,-9.86744,-0.412989,1) (52.3,7.2,0,1) (-12.0166,27.8176,0,2) (-24.4,10,0,2)
33 (4.38869,15.6415,0.0136624,1) (52.3,34.4,0,1) (34.0574,7.23121,0,1) (-3.49548,36.3276,0,1) (-32,34.4,0,1) (-13.1377,4.98513,3.45566,1) (-12.2149,8.24923,-9.5167,1) (-7.70473,-21.7806,0.0214902,1) (0.0736043,3.53584,-0.0521897,1) (24.2,-20,0,1) (-9.1495,-9.69287,-0.512144,1) (52.3,7.2,0,1) (-12.0166,27.8176,0,2) (-23.6,10,0,2)
34 (3.42299,16.1576,0.0148259,1) (52.3,34.4,0,1) (34.614,6.4004,0,1) (-3.50098,36.3261,0,1) (-32,34.4,0,1) (-12.9473,4.18873,3.93872,1) (-11.8523,9.21336,-9.26562,1) (-6.8024,-21.3509,0.0164477,1) (0.695026,4.08959,-0.0522117,1) (24.2,-20,0,1) (-10.1557,-9.51577,-0.615213,1) (52.3,7.2,0,1) (-12.0166,27.8176,0,2) (-22.8,10,0,2)
35 (2.7104,16.6786,0.188968,1) (52.3,34.4,0,1) (35.1705,5.5696,0,1) (-3.50653,36.3255,0,1) (-32,34.4,0,1) (-12.8734,3.41795,4.44282,1) (-11.6057,10.0582,-9.18632,1) (-5.90161,-20.9167,0.0111609,1) (1.31345,4.64327,-0.0522167,1) (24.2,-20,0,1) (-11.157,-9.335,-0.723117,1) (52.3,7.2,0,1) (-12.0166,27.8176,0,2) (-22,10,0,2)
36 (2.15272,17.2026,0.314449,1) (52.3,34.4,0,1) (35.7271,4.7388,0,1) (-3.51227,36.3258,0,1) (-32,34.4,0,1) (-12.9248,2.68346,4.95487,1) (-11.3996,10.9073,-9.09869,1) (-5.00082,-20.4824,0.00587399,1) (1.92861,5.1997,-0.0598957,1) (24.2,-20,0,1) (-12.1532,-9.15063,-0.835323,1) (52.3,7.2,0,1) (-12.0166,27.8176,0,2) (-21.2,10,0,2)
37 (1.70329,17.7296,0.42734,1) (52.3,34.4,0,1) (36.2837,3.908,0,1) (-3.51837,36.3271,0,1) (-32,34.4,0,1) (-13.1057,2.00265,5.45476,1) (-11.2131,11.7518,-9.00757,1) (-4.10003,-20.0482,0.00058711,1) (2.5407,5.75607,-0.0668666,1) (24.2,-20,0,1) (-13.1446,-8.96323,-0.950963,1) (52.3,7.2,0,1) (-12.0166,27.8176,0,2) (-20.4,10,0,2)
38 (1.3128,18.2128,0.554498,1) (52.3,34.4,0,1) (36.8402,3.0772,0,1) (-3.52501,36.3294,0,1) (-32,34.4,0,1) (-13.41,1.397,5.91694,1) (-11.0107,12.5595,-8.91655,1) (-4,-20,0,1) (3.16595,6.36394,-0.0738444,1) (24.2,-20,0,1) (-14.132,-8.77365,-1.06909,1) (52.3,7.2,0,1) (-12.0166,27.8176,0,2) (-19.6,10,0,2)
39 (0.969883,18.6615,0.721346,1) (52.3,34.4,0,1) (37.3968,2.24639,0,1) (-3.53241,36.333,0,1) (-32,34.4,0,1) (-13.8173,0.88744,6.31453,1) (-10.7838,13.3198,-8.83147,1) (-4,-20,0,1) (3.79554,7.01424,-0.0804946,1) (24.2,-20,0,1) (-15.1167,-8.58287,-1.18871,1) (52.3,7.2,0,1) (-12.0166,27.8176,0,2) (-18.8,10,0,2)
40 (0.651031,19.0652,0.954532,1) (52.3,34.4,0,1) (37.9534,1.41559,0,1) (-3.54082,36.338,0,1) (-32,34.4,0,1) (-14.2949,0.48899,6.62408,1) (-10.5097,14.04,-8.75273,1) (-4,-20,0,1) (4.42352,7.7108,-0.0862997,1) (24.2,-20,0,1) (-16.1003,-8.3918,-1.30887,1) (52.3,7.2,0,1) (-12.0166,27.8176,0,2) (-18,10,0,2)
41 (0.324124,19.4117,1.28312,1) (52.3,34.4,0,1) (38.5099,0.584788,0,1) (-3.55055,36.3447,0,1) (-32,34.4,0,1) (-14.8013,0.195085,6.84011,1) (-10.1624,14.7363,-8.67361,1) (-4,-20,0,1) (5.04364,8.44855,-0.0904717,1) (24.2,-20,0,1) (-17.0842,-8.20099,-1.42863,1) (52.3,7.2,0,1) (-12.0166,27.8176,0,2) (-17.2,10,0,2)
42 (-0.0710225,19.6501,1.71739,1) (52.3,34.4,0,1) (39.0665,-0.246015,0,1) (-3.56196,36.3533,0,1) (-32,34.4,0,1) (-15.2952,-0.0944008,7.04764,1) (-9.72052,15.4145,-8.56587,1) (-4,-20,0,1) (5.64569,9.23635,-0.0900936,1) (24.2,-20,0,1) (-18.0689,-8.01038,-1.54743,1) (52.3,7.2,0,1) (-12.0166,27.8176,0,2) (-16.4,10,0,2)
43 (-0.521366,19.7775,2.1587,1) (52.3,34.4,0,1) (39.6231,-1.07682,0,1) (-3.57548,36.3642,0,1) (-32,34.4,0,1) (-15.7542,-0.435738,7.24615,1) (-9.21515,16.0921,-8.43754,1) (-4,-20,0,1) (6.23915,10.0412,-0.087212,1) (24.2,-20,0,1) (-19.0567,-7.78864,-1.65046,1) (52.3,7.2,0,1) (-12.0166,27.8176,0,2) (-15.6,10,0,2)
44 (-1.04018,19.8384,2.62754,1) (52.3,34.4,0,1) (40.1796,-1.90762,0,1) (-3.59166,36.378,0,1) (-32,34.4,0,1) (-16.1891,-0.813171,7.43169,1) (-8.67114,16.7851,-8.30043,1) (-4,-20,0,1) (6.83261,10.8461,-0.0843304,1) (24.2,-20,0,1) (-20.0444,-7.54476,-1.73897,1) (52.3,7.2,0,1) (-12.0166,27.8176,0,2) (-14.8,10,0,2)
45 (-1.63125,19.8587,3.1233,1) (52.3,34.4,0,1) (40.7362,-2.73842,0,1) (-3.61114,36.3951,0,1) (-32,34.4,0,1) (-16.597,-1.24713,7.59401,1) (-8.12566,17.4645,-8.16475,1) (-4,-20,0,1) (7.42607,11.6509,-0.0814487,1) (24.2,-20,0,1) (-21.0281,-7.26907,-1.80135,1) (52.3,7.2,0,1) (-12.0166,27.8176,0,2) (-14,10,0,2)
46 (-2.22825,19.8634,3.61082,1) (52.3,34.4,0,1) (41.2928,-3.56923,0,1) (-3.63472,36.4161,0,1) (-32,34.4,0,1) (-16.9876,-1.72231,7.73154,1) (-7.58317,18.1327,-8.03167,1) (-4,-20,0,1) (8.01953,12.4558,-0.0785671,1) (24.2,-20,0,1) (-22.005,-6.9705,-1.83981,1) (52.3,7.2,0,1) (-12.0166,27.8176,0,2) (-13.2,10,0,2)
47 (-2.82419,19.86,4.09067,1) (52.3,34.4,0,1) (41.8493,-4.40003,0,1) (-3.6634,36.442,0,1) (-32,34.4,0,1) (-17.3639,-2.25373,7.83045,1) (-7.04618,18.7905,-7.90133,1) (-4,-20,0,1) (8.61299,13.2607,-0.0756854,1) (24.2,-20,0,1) (-22.967,-6.64469,-1.84142,1) (52.3,7.2,0,1) (-12.0166,27.8176,0,2) (-12.4,10,0,2)
48 (-3.41719,19.8523,4.56451,1) (52.3,34.4,0,1) (42.4059,-5.23083,0,1) (-3.6984,36.4737,0,1) (-32,34.4,0,1) (-17.7344,-2.82586,7.89213,1) (-6.51636,19.4374,-7.77368,1) (-4,-20,0,1) (9.20645,14.0655,-0.0728038,1) (24.2,-20,0,1) (-23.9119,-6.30119,-1.81017,1) (52.3,7.2,0,1) (-12.0166,27.8176,0,2) (-11.6,10,0,2)
49 (-4.0063,19.8423,5.03337,1) (52.3,34.4,0,1) (42.9625,-6.06163,0,1) (-3.73347,36.5055,0,1) (-32,34.4,0,1) (-18.1072,-3.44681,7.90198,1) (-5.99506,20.0728,-7.64869,1) (-4,-20,0,1) (9.79991,14.8704,-0.0699221,1) (24.2,-20,0,1) (-24.8475,-5.95117,-1.76325,1) (52.3,7.2,0,1) (-12.0166,27.8176,0,2) (-10.8,10,0,2)
50 (-4.59097,19.8312,5.49786,1) (52.3,34.4,0,1) (43.5191,-6.89244,0,1) (-3.76805,36.5368,0,1) (-32,34.4,0,1) (-18.508,-4.1222,7.82724,1) (-5.48353,20.6957,-7.52644,1) (-4,-20,0,1) (10.3934,15.6752,-0.0670405,1) (24.2,-20,0,1) (-25.7831,-5.60116,-1.71632,1) (52.3,7.2,0,1) (-12.0166,27.8176,0,2) (-10,10,0,2)
51 (-5.17091,19.8196,5.95826,1) (52.3,34.4,0,1) (44.0756,-7.72324,0,1) (-3.80217,36.5678,0,1) (-32,34.4,0,1) (-18.9693,-4.83295,7.64608,1) (-4.98299,21.3047,-7.40708,1) (-4,-20,0,1) (10.9868,16.4801,-0.0641588,1) (24.2,-20,0,1) (-26.7186,-5.25115,-1.66939,1) (52.3,7.2,0,1) (-12.0166,27.8176,0,2) (-9.20003,10,0,2)
52 (-5.74597,19.8078,6.41467,1) (52.3,34.4,0,1) (44.6322,-8.55404,0,1) (-3.83583,36.5983,0,1) (-32,34.4,0,1) (-19.5105,-5.55078,7.36045,1) (-4.49471,21.8984,-7.29085,1) (-4,-20,0,1) (11.5803,17.2849,-0.0612772,1) (24.2,-20,0,1) (-27.6542,-4.90113,-1.62246,1) (52.3,7.2,0,1) (-12.0166,27.8176,0,2) (-8.40003,10,0,2)
53 (-6.31664,19.795,6.86652,1) (52.3,34.4,0,1) (45.1888,-9.38484,0,1) (-3.87405,36.633,0.0043677,1) (-32,34.4,0,1) (-20.1207,-6.25672,7.00085,1) (-4.02,22.4754,-7.17803,1) (-4,-20,0,1) (12.1737,18.0898,-0.0583955,1) (24.2,-20,0,1) (-28.5898,-4.55112,-1.57553,1) (52.3,7.2,0,1) (-12.0166,27.8176,0,2) (-7.60003,10,0,2)
54 (-6.92393,19.7021,7.25745,1) (52.3,34.4,0,1) (45.7453,-10.2156,0,1) (-3.91954,36.6742,0.0164386,1) (-32,34.4,0,1) (-20.7309,-6.96265,6.64124,1) (-3.56248,23.0292,-7.06926,1) (-4,-20,0,1) (12.7672,18.8947,-0.0555139,1) (24.2,-20,0,1) (-29.5253,-4.20111,-1.52861,1) (52.3,7.2,0,1) (-12.0166,27.8176,0,2) (-6.80003,10,0,2)
55 (-7.63207,19.5177,7.54423,1) (52.3,34.4,0,1) (46.3019,-11.0465,0,1) (-3.97137,36.7212,0.035101,1) (-32,34.4,0,1) (-21.3411,-7.66859,6.28164,1) (-3.1689,23.5062,-6.92983,1) (-4,-20,0,1) (13.3607,19.6995,-0.0526323,1) (24.2,-20,0,1) (-30.4609,-3.8511,-1.48168,1) (52.3,7.2,0,1) (-12.0166,27.8176,0,2) (-6.00003,10,0,2)
56 (-8.41149,19.3607,7.80361,1) (52.3,34.4,0,1) (46.8585,-11.8773,0,1) (-4.02922,36.7733,0.0563531,1) (-32,34.4,0,1) (-21.9513,-8.37453,5.92203,1) (-2.83442,23.9178,-6.75926,1) (-4,-20,0,1) (13.9541,20.5044,-0.0497506,1) (24.2,-20,0,1) (-31.3965,-3.50108,-1.43475,1) (52.3,7.2,0,1) (-12.0166,27.8176,0,2) (-5.20003,10,0,2)
57 (-9.24917,19.2449,8.0298,1) (52.3,34.4,0,1) (47.415,-12.7081,0,1) (-4.09423,36.8311,0.0783017,1) (-32,34.4,0,1) (-22.5615,-9.08047,5.56242,1) (-2.5452,24.2786,-6.56124,1) (-4,-20,0,1) (14.5476,21.3092,-0.046869,1) (24.2,-20,0,1) (-32.332,-3.15107,-1.38782,1) (52.3,7.2,0,1) (-12.0166,27.8176,0,2) (-4.40003,10,0,2)
58 (-10.1348,19.1757,8.21666,1) (52.3,34.4,0,1) (47.9716,-13.5389,0,1) (-4.16646,36.8941,0.100851,1) (-32,34.4,0,1) (-23.1717,-9.78641,5.20282,1) (-2.28841,24.6004,-6.3393,1) (-4,-20,0,1) (15.141,22.1141,-0.0439873,1) (24.2,-20,0,1) (-33.2676,-2.80106,-1.34089,1) (52.3,7.2,0,1) (-12.0166,27.8176,0,2) (-3.60003,10,0,2)
59 (-11.0592,19.1569,8.35932,1) (52.3,34.4,0,1) (48.5282,-14.3697,0,1) (-4.24558,36.9618,0.123656,1) (-32,34.4,0,1) (-23.7819,-10.4924,4.84321,1) (-2.05455,24.8921,-6.09669,1) (-4,-20,0,1) (15.7345,22.919,-0.0411057,1) (24.2,-20,0,1) (-34.2032,-2.45105,-1.29397,1) (52.3,7.2,0,1) (-12.0166,27.8176,0,2) (-2.80003,10,0,2)
60 (-12.013,19.1918,8.45341,1) (52.3,34.4,0,1) (49.0847,-15.2005,0,1) (-4.33095,37.0335,0.146241,1) (-32,34.4,0,1) (-24.3921,-11.1983,4.4836,1) (-1.83717,25.1602,-5.83612,1) (-4,-20,0,1) (16.328,23.7238,-0.038224,1) (24.2,-20,0,1) (-35.1387,-2.10103,-1.24704,1) (52.3,7.2,0,1) (-12.0166,27.8176,0,2) (-2.00003,10,0,2)
61 (-12.9861,19.283,8.49488,1) (52.3,34.4,0,1) (49.6413,-16.0313,0,1) (-4.42178,37.1083,0.168167,1) (-32,34.4,0,1) (-25.0023,-11.9042,4.124,1) (-1.63221,25.4097,-5.55969,1) (-4,-20,0,1) (16.9214,24.5287,-0.0353424,1) (24.2,-20,0,1) (-36.0743,-1.75102,-1.20011,1) (52.3,7.2,0,1) (-12.0166,27.8176,0,2) (-1.20003,10,0,2)
62 (-13.9674,19.4324,8.48035,1) (52.3,34.4,0,1) (50.1979,-16.8621,0,1) (-4.51721,37.1853,0.189152,1) (-32,34.4,0,1) (-25.6125,-12.6102,3.76439,1) (-1.43746,25.6442,-5.26905,1) (-4,-20,0,1) (17.5149,25.3335,-0.0324608,1) (24.2,-20,0,1) (-37.0099,-1.40101,-1.15318,1) (52.3,7.2,0,1) (-12.0166,27.8176,0,2) (-0.400029,10,0,2)
63 (-14.944,19.6405,8.40771,1) (52.3,34.4,0,1) (50.7544,-17.6929,0,1) (-4.61634,37.2635,0.20912,1) (-32,34.4,0,1) (-26.2227,-13.3161,3.40479,1) (-1.25229,25.8662,-4.96549,1) (-4,-20,0,1) (18.1083,26.1384,-0.0295791,1) (24.2,-20,0,1) (-37.9455,-1.05099,-1.10625,1) (52.3,7.2,0,1) (-12.0166,27.8176,0,2) (0.399971,10,0,2)
64 (-15.9026,19.9057,8.27665,1) (52.3,34.4,0,1) (51.311,-18.5237,0,1) (-4.7183,37.3422,0.22822,1) (-32,34.4,0,1) (-26.8328,-14.022,3.04518,1) (-1.07732,26.0771,-4.65011,1) (-4,-20,0,1) (18.7018,26.9433,-0.0266975,1) (24.2,-20,0,1) (-38.881,-0.700982,-1.05932,1) (52.3,7.2,0,1) (-12.0166,27.8176,0,2) (1.19997,10,0,2)
65 (-16.8379,20.2131,8.10111,1) (52.3,34.4,0,1) (51.8676,-19.3545,0,1) (-4.82226,37.4206,0.246811,1) (-32,34.4,0,1) (-27.443,-14.728,2.68557,1) (-0.913962,26.2775,-4.32428,1) (-4,-20,0,1) (19.2953,27.7481,-0.0238158,1) (24.2,-20,0,1) (-39.8166,-0.350969,-1.0124,1) (52.3,7.2,0,1) (-12.0166,27.8176,0,2) (1.99997,10,0,2)
66 (-17.7731,20.5205,7.92558,1) (52.3,34.4,0,1) (52.3,-20,0,1) (-4.93344,37.5024,0.266361,1) (-32,34.4,0,1) (-28.0532,-15.4339,2.32597,1) (-0.76785,26.4673,-4.00168,1) (-4,-20,0,1) (19.8887,28.553,-0.0209342,1) (24.2,-20,0,1) (-40.7522,-0.000955969,-0.965469,1) (52.3,7.2,0,1) (-12.0166,27.8176,0,2) (2.79997,10,0,2)
67 (-18.7084,20.8279,7.75004,1) (52.3,34.4,0,1) (52.3,-20,0,1) (-5.05358,37.5886,0.287249,1) (-32,34.4,0,1) (-28.6634,-16.1399,1.96636,1) (-0.642397,26.6511,-3.69609,1) (-4,-20,0,1) (20.4822,29.3578,-0.0180525,1) (24.2,-20,0,1) (-41.6877,0.349057,-0.918541,1) (52.3,7.2,0,1) (-12.0166,27.8176,0,2) (3.59997,10,0,2)
68 (-19.6436,21.1353,7.5745,1) (52.3,34.4,0,1) (52.3,-20,0,1) (-5.18349,37.6794,0.309588,1) (-32,34.4,0,1) (-29.2736,-16.8458,1.60675,1) (-0.536098,26.8338,-3.40946,1) (-4,-20,0,1) (21.0756,30.1627,-0.0151709,1) (24.2,-20,0,1) (-42.6233,0.69907,-0.871613,1) (52.3,7.2,0,1) (-12.0166,27.8176,0,2) (4.39997,10,0,2)
69 (-20.5789,21.4427,7.39896,1) (52.3,34.4,0,1) (52.3,-20,0,1) (-5.32436,37.7751,0.333529,1) (-32,34.4,0,1) (-29.8838,-17.5517,1.24715,1) (-0.446776,27.0194,-3.1422,1) (-4,-20,0,1) (21.6691,30.9676,-0.0122892,1) (24.2,-20,0,1) (-43.5589,1.04908,-0.824685,1) (52.3,7.2,0,1) (-12.0166,27.8176,0,2) (5.19997,10,0,2)
70 (-21.5103,21.7317,7.23398,1) (52.3,34.4,0,1) (52.3,-20,0,1) (-5.47751,37.8759,0.359229,1) (-32.0039,34.4185,-0.0105502,1) (-30.494,-18.2577,0.887541,1) (-0.372298,27.2112,-2.89423,1) (-4,-20,0,1) (22.2626,31.7724,-0.00940759,1) (24.2,-20,0,1) (-44.4944,1.3991,-0.777757,1) (52.3,7.2,0,1) (-12.0166,27.8176,0,2) (5.99997,10,0,2)
71 (-22.4407,22.0015,7.07993,1) (52.3,34.4,0,1) (52.3,-20,0,1) (-5.64425,37.9818,0.386828,1) (-32.0069,34.4563,-0.0321281,1) (-31.1042,-18.9636,0.527935,1) (-0.310857,27.4123,-2.66508,1) (-4,-20,0,1) (22.856,32.5773,-0.00652595,1) (24.2,-20,0,1) (-45.43,1.74911,-0.730829,1) (52.3,7.2,0,1) (-12.0166,27.8176,0,2) (6.79997,10,0,2)
72 (-23.3739,22.257,6.93398,1) (52.3,34.4,0,1) (52.3,-20,0,1) (-5.82589,38.0928,0.416449,1) (-32.0031,34.5083,-0.0618629,1) (-31.7144,-19.6696,0.168329,1) (-0.261084,27.6255,-2.454,1) (-4,-20,0,1) (23.4495,33.3821,-0.0036443,1) (24.2,-20,0,1) (-46.3656,2.09912,-0.683901,1) (52.3,7.2,0,1) (-12.0166,27.8176,0,2) (7.59997,10,0,2)
73 (-24.3127,22.5037,6.79313,1) (52.3,34.4,0,1) (52.3,-20,0,1) (-6.02376,38.2088,0.448209,1) (-31.9878,34.569,-0.0965086,1) (-32,-20,0,1) (-0.222083,27.8531,-2.25994,1) (-4,-20,0,1) (24.0429,34.187,-0.000762652,1) (24.2,-20,0,1) (-47.3012,2.44913,-0.636973,1) (52.3,7.2,0,1) (-12.0166,27.8176,0,2) (8.39997,10,0,2)
74 (-25.2587,22.7469,6.65424,1) (52.3,34.4,0,1) (52.3,-20,0,1) (-6.23929,38.3293,0.48222,1) (-31.9576,34.6321,-0.132511,1) (-32,-20,0,1) (-0.193417,28.097,-2.08156,1) (-4,-20,0,1) (24.2,34.4,0,1) (24.2,-20,0,1) (-48.2367,2.79915,-0.590045,1) (52.3,7.2,0,1) (-12.0166,27.8176,0,2) (9.19997,10,0,2)
75 (-26.2085,22.9906,6.5151,1) (52.3,34.4,0,1) (52.3,-20,0,1) (-6.47401,38.454,0.518594,1) (-31.9279,34.6955,-0.168713,1) (-32,-20,0,1) (-0.175099,28.3591,-1.91726,1) (-4,-20,0,1) (24.2,34.4,0,1) (24.2,-20,0,1) (-49.1723,3.14916,-0.543117,1) (52.3,7.2,0,1) (-12.0166,27.8176,0,2) (9.99997,10,0,2)
76 (-27.1578,23.2342,6.376,1) (52.3,34.4,0,1) (52.3,-20,0,1) (-6.72959,38.5823,0.557439,1) (-31.9118,34.7614,-0.206344,1) (-32,-20,0,1) (-0.167568,28.6407,-1.76519,1) (-4,-20,0,1) (24.2,34.4,0,1) (24.2,-20,0,1) (-50.1079,3.49917,-0.496189,1) (52.3,7.2,0,1) (-12.0166,27.8176,0,2) (10.8,10,0,2)
77 (-28.1069,23.4777,6.23694,1) (52.3,34.4,0,1) (52.3,-20,0,1) (-7.0078,38.7134,0.598853,1) (-31.8957,34.8273,-0.243974,1) (-32,-20,0,1) (-0.171677,28.9434,-1.62334,1) (-4,-20,0,1) (24.2,34.4,0,1) (24.2,-20,0,1) (-51.0434,3.84919,-0.449261,1) (52.3,7.2,0,1) (-12.0166,27.8176,0,2) (11.6,10,0,2)
78 (-29.0555,23.7212,6.09793,1) (52.3,34.4,0,1) (52.3,-20,0,1) (-7.31052,38.8462,0.642921,1) (-31.8796,34.8932,-0.281604,1) (-32,-20,0,1) (-0.188667,29.2682,-1.48976,1) (-4,-20,0,1) (24.2,34.4,0,1) (24.2,-20,0,1) (-51.979,4.1992,-0.402333,1) (52.3,7.2,0,1) (-12.0166,27.8176,0,2) (12.4,10,0,2)
79 (-30.0036,23.9645,5.95895,1) (52.3,34.4,0,1) (52.3,-20,0,1) (-7.6397,38.9795,0.689711,1) (-31.8636,34.9591,-0.319234,1) (-32,-20,0,1) (-0.220169,29.6163,-1.3626,1) (-4,-20,0,1) (24.2,34.4,0,1) (24.2,-20,0,1) (-52.9146,4.54921,-0.355405,1) (52.3,7.2,0,1) (-12.0166,27.8176,0,2) (13.2,10,0,2)
80 (-30.9514,24.2078,5.82003,1) (52.3,34.4,0,1) (52.3,-20,0,1) (-7.99737,39.1115,0.73926,1) (-31.8475,35.025,-0.356864,1) (-32,-20,0,1) (-0.268207,29.9888,-1.24029,1) (-4,-20,0,1) (24.2,34.4,0,1) (24.2,-20,0,1) (-53.8501,4.89923,-0.308476,1) (52.3,7.2,0,1) (-12.0166,27.8176,0,2) (14,10,0,2)
81 (-31.8986,24.451,5.68115,1) (52.3,34.4,0,1) (52.3,-20,0,1) (-8.38556,39.2405,0.791573,1) (-31.8314,35.0909,-0.394494,1) (-32,-20,0,1) (-0.335223,30.3866,-1.1215,1) (-4,-20,0,1) (24.2,34.4,0,1) (24.2,-20,0,1) (-54.7857,5.24924,-0.261548,1) (52.3,7.2,0,1) (-12.0166,27.8176,0,2) (14.8,10,0,2)
82 (-32.8453,24.6941,5.54234,1) (52.3,34.4,0,1) (52.3,-20,0,1) (-8.80629,39.3638,0.846608,1) (-31.8153,35.1567,-0.432125,1) (-32,-20,0,1) (-0.424094,30.8103,-1.00514,1) (-4,-20,0,1) (24.2,34.4,0,1) (24.2,-20,0,1) (-55.7213,5.59925,-0.21462,1) (52.3,7.2,0,1) (-12.0166,27.8176,0,2) (15.6,10,0,2)
83 (-33.7914,24.9371,5.40358,1) (52.3,34.4,0,1) (52.3,-20,0,1) (-9.2615,39.4786,0.904266,1) (-31.7992,35.2226,-0.469755,1) (-32,-20,0,1) (-0.538144,31.2604,-0.890313,1) (-4,-20,0,1) (24.2,34.4,0,1) (24.2,-20,0,1) (-56.6569,5.94927,-0.167692,1) (52.3,7.2,0,1) (-12.0166,27.8176,0,2) (16.4,10,0,2)
84 (-34.7368,25.18,5.26489,1) (52.3,34.4,0,1) (52.3,-20,0,1) (-9.75295,39.5816,0.96438,1) (-31.7831,35.2885,-0.507384,1) (-32,-20,0,1) (-0.681141,31.7368,-0.776277,1) (-4,-20,0,1) (24.2,34.4,0,1) (24.2,-20,0,1) (-57.5924,6.29928,-0.120764,1) (52.3,7.2,0,1) (-12.0166,27.8176,0,2) (17.2,10,0,2)
85 (-35.6789,25.4572,5.10657,1) (52.3,34.4,0,1) (52.3,-20,0,1) (-10.2821,39.6686,1.0267,1) (-31.6963,35.301,-0.514484,1) (-32,-20,0,1) (-0.857277,32.2391,-0.662441,1) (-4,-20,0,1) (24.2,34.4,0,1) (24.2,-20,0,1) (-58.528,6.64929,-0.073836,1) (52.3,7.2,0,1) (-12.0166,27.8176,0,2) (18,10,0,2)
86 (-36.6074,25.7797,4.92247,1) (52.3,34.4,0,1) (52.3,-20,0,1) (-10.8502,39.7353,1.09088,1) (-31.604,35.2615,-0.491939,1) (-32,-20,0,1) (-1.07112,32.766,-0.548348,1) (-4,-20,0,1) (24.2,34.4,0,1) (24.2,-20,0,1) (-59.4636,6.99931,-0.0269078,1) (52.3,7.2,0,1) (-12.0166,27.8176,0,2) (18.8,10,0,2)
87 (-37.5279,26.1189,4.72876,1) (52.3,34.4,0,1) (52.3,-20,0,1) (-11.4577,39.7764,1.15645,1) (-31.5426,35.1905,-0.451416,1) (-32,-20,0,1) (-1.32756,33.3156,-0.433697,1) (-4,-20,0,1) (24.2,34.4,0,1) (24.2,-20,0,1) (-60,7.2,0,1) (52.3,7.2,0,1) (-12.0166,27.8176,0,2) (19.6,10,0,2)
88 (-38.4485,26.4581,4.53505,1) (52.3,34.4,0,1) (52.3,-20,0,1) (-12.1045,39.7863,1.22283,1) (-31.4964,35.0411,-0.366091,1) (-32,-20,0,1) (-1.63168,33.8851,-0.318394,1) (-4,-20,0,1) (24.2,34.4,0,1) (24.2,-20,0,1) (-60,7.2,0,1) (52.3,7.2,0,1) (-12.0166,27.8176,0,2) (20.4,10,0,2)
89 (-39.369,26.7973,4.34134,1) (52.3,34.4,0,1) (52.3,-20,0,1) (-12.7897,39.7587,1.28929,1) (-31.5491,34.8367,-0.249373,1) (-32,-20,0,1) (-1.98862,34.4706,-0.202624,1) (-4,-20,0,1) (24.2,34.4,0,1) (24.2,-20,0,1) (-60,7.2,0,1) (52.3,7.2,0,1) (-12.0166,27.8176,0,2) (21.2,10,0,2)
90 (-40.2896,27.1366,4.14763,1) (52.3,34.4,0,1) (52.3,-20,0,1) (-13.5111,39.6872,1.35496,1) (-31.7314,34.6085,-0.119051,1) (-32,-20,0,1) (-2.31638,34.9551,-0.105732,1) (-4,-20,0,1) (24.2,34.4,0,1) (24.2,-20,0,1) (-60,7.2,0,1) (52.3,7.2,0,1) (-12.0166,27.8176,0,2) (22,10,0,2)
91 (-41.2101,27.4758,3.95392,1) (52.3,34.4,0,1) (52.3,-20,0,1) (-14.2654,39.5651,1.41881,1) (-32,34.4,0,1) (-32,-20,0,1) (-2.54506,35.2714,-0.0412374,1) (-4,-20,0,1) (24.2,34.4,0,1) (24.2,-20,0,1) (-60,7.2,0,1) (52.3,7.2,0,1) (-12.0166,27.8176,0,2) (22.8,10,0,2)
92 (-42.1306,27.815,3.76022,1) (52.3,34.4,0,1) (52.3,-20,0,1) (-15.0478,39.3856,1.47969,1) (-32.1912,34.3105,-0.0128712,1) (-32,-20,0,1) (-2.67615,35.4471,-0.00504335,1) (-4,-20,0,1) (24.2,34.4,0,1) (24.2,-20,0,1) (-60,7.2,0,1) (52.3,7.2,0,1) (-12.0166,27.8176,0,2) (23.6,10,0,2)
93 (-43.0512,28.1542,3.56651,1) (52.3,34.4,0,1) (52.3,-20,0,1) (-15.821,39.153,1.54229,1) (-32.3769,34.2599,-0.0748443,1) (-32,-20,0,1) (-2.74577,35.539,0.0139725,1) (-4,-20,0,1) (24.2,34.4,0,1) (24.2,-20,0,1) (-60,7.2,0,1) (52.3,7.2,0,1) (-12.0166,27.8176,0,2) (24.4,10,0,2)
94 (-43.9717,28.4935,3.3728,1) (52.3,34.4,0,1) (52.3,-20,0,1) (-16.5564,38.874,1.61816,1) (-32.5909,34.23,-0.158388,1) (-32,-20,0,1) (-2.77724,35.581,0.0225997,1) (-4,-20,0,1) (24.2,34.4,0,1) (24.2,-20,0,1) (-60,7.2,0,1) (52.3,7.2,0,1) (-12.0166,27.8176,0,2) (25.2,10,0,2)
95 (-44.8923,28.8327,3.17909,1) (52.3,34.4,0,1) (52.3,-20,0,1) (-17.2619,38.5451,1.70963,1) (-32.8312,34.2346,-0.258916,1) (-32,-20,0,1) (-2.75982,35.5618,0.0182929,1) (-4,-20,0,1) (24.2,34.4,0,1) (24.2,-20,0,1) (-60,7.2,0,1) (52.3,7.2,0,1) (-12.0166,27.8176,0,2) (26,10,0,2)
96 (-45.8128,29.1719,2.98538,1) (52.3,34.4,0,1) (52.3,-20,0,1) (-17.9485,38.1614,1.81688,1) (-33.087,34.3029,-0.387218,1) (-32,-20,0,1) (-2.71336,35.4997,0.00548992,1) (-4,-20,0,1) (24.2,34.4,0,1) (24.2,-20,0,1) (-60,7.2,0,1) (52.3,7.2,0,1) (-12.0166,27.8176,0,2) (26.8,10,0,2)
97 (-46.7334,29.5112,2.79167,1) (52.3,34.4,0,1) (52.3,-20,0,1) (-18.6322,37.7116,1.93758,1) (-33.3345,34.4592,-0.552169,1) (-32,-20,0,1) (-2.66693,35.4331,-0.00787252,1) (-4,-20,0,1) (24.2,34.4,0,1) (24.2,-20,0,1) (-60,7.2,0,1) (52.3,7.2,0,1) (-12.0166,27.8176,0,2) (27.6,10,0,2)
98 (-47.6539,29.8504,2.59797,1) (52.3,34.4,0,1) (52.3,-20,0,1) (-19.3354,37.1766,2.05393,1) (-33.5361,34.7238,-0.751815,1) (-32,-20,0,1) (-2.6435,35.3968,-0.0149386,1) (-4,-20,0,1) (24.2,34.4,0,1) (24.2,-20,0,1) (-60,7.2,0,1) (52.3,7.2,0,1) (-12.0166,27.8176,0,2) (28.4,10,0,2)
99 (-48.5745,30.1896,2.40426,1) (52.3,34.4,0,1) (52.3,-20,0,1) (-20.059,36.553,2.11671,1) (-33.7355,35.0106,-0.917701,1) (-32,-20,0,1) (-2.65283,35.4029,-0.013161,1) (-4,-20,0,1) (24.2,34.4,0,1) (24.2,-20,0,1) (-60,7.2,0,1) (52.3,7.2,0,1) (-12.0166,27.8176,0,2) (29.2,10,0,2)
100 (-49.495,30.5288,2.21055,1) (52.3,34.4,0,1) (52.3,-20,0,1) (-20.7696,35.8552,2.11898,1) (-34.0069,35.236,-0.981525,1) (-32,-20,0,1) (-2.68767,35.4386,-0.00494308,1) (-4,-20,0,1) (24.2,34.4,0,1) (24.2,-20,0,1) (-60,7.2,0,1) (52.3,7.2,0,1) (-12.0166,27.8176,0,2) (30,10,0,2)
101 (-50.4155,30.8681,2.01684,1) (52.3,34.4,0,1) (52.3,-20,0,1) (-21.4272,35.0982,2.10614,1) (-34.2994,35.4446,-0.950196,1) (-32,-20,0,1) (-2.72764,35.4791,0.00441057,1) (-4,-20,0,1) (24.2,34.4,0,1) (24.2,-20,0,1) (-60,7.2,0,1) (52.3,7.2,0,1) (-12.0166,27.8176,0,2) (30.8,10,0,2)
102 (-51.3361,31.2073,1.82313,1) (52.3,34.4,0,1) (52.3,-20,0,1) (-22.0177,34.2897,2.07832,1) (-34.5551,35.6261,-0.884598,1) (-32,-20,0,1) (-2.75203,35.5022,0.00990123,1) (-4,-20,0,1) (24.2,34.4,0,1) (24.2,-20,0,1) (-60,7.2,0,1) (52.3,7.2,0,1) (-12.0166,27.8176,0,2) (31.6,10,0,2)
103 (-52.2566,31.5465,1.62942,1) (52.3,34.4,0,1) (52.3,-20,0,1) (-22.5906,33.4707,2.04697,1) (-34.7323,35.7799,-0.825527,1) (-32,-20,0,1) (-2.75227,35.4977,0.00933782,1) (-4,-20,0,1) (24.2,34.4,0,1) (24.2,-20,0,1) (-60,7.2,0,1) (52.3,7.2,0,1) (-12.0166,27.8176,0,2) (32.4,10,0,2)
104 (-53.1772,31.8857,1.43571,1) (52.3,34.4,0,1) (52.3,-20,0,1) (-23.1636,32.6518,2.01562,1) (-34.843,35.9091,-0.796391,1) (-32,-20,0,1) (-2.73432,35.4709,0.00402648,1) (-4,-20,0,1) (24.2,34.4,0,1) (24.2,-20,0,1) (-60,7.2,0,1) (52.3,7.2,0,1) (-12.0166,27.8176,0,2) (33.2,10,0,2)
105 (-54.0977,32.225,1.24201,1) (52.3,34.4,0,1) (52.3,-20,0,1) (-23.7366,31.8328,1.98426,1) (-34.9099,36.0172,-0.793164,1) (-32,-20,0,1) (-2.712,35.4383,-0.00247834,1) (-4,-20,0,1) (24.2,34.4,0,1) (24.2,-20,0,1) (-60,7.2,0,1) (52.3268,7.19325,0,1) (-12.0166,27.8176,0,2) (34,10,0,2)
106 (-55.0183,32.5642,1.0483,1) (52.3,34.4,0,1) (52.3,-20,0,1) (-24.3095,31.0138,1.95291,1) (-34.9475,36.1088,-0.801024,1) (-32,-20,0,1) (-2.69843,35.4171,-0.0065943,1) (-4,-20,0,1) (24.2,34.4,0,1) (24.2,-20,0,1) (-60,7.2,0,1) (52.4026,7.17216,0,1) (-12.0166,27.8176,0,2) (34.8,10,0,2)
107 (-55.9388,32.9034,0.854589,1) (52.3,34.4,0,1) (52.3,-20,0,1) (-24.8825,30.1949,1.92156,1) (-34.9608,36.1891,-0.80929,1) (-32,-20,0,1) (-2.7002,35.4157,-0.0065734,1) (-4,-20,0,1) (24.2,34.4,0,1) (24.2,-20,0,1) (-60,7.2,0,1) (52.5353,7.131,0,1) (-12.0166,27.8176,0,2) (35.6,10,0,2)
108 (-56.8593,33.2426,0.660881,1) (52.3,34.4,0,1) (52.3,-20,0,1) (-25.4555,29.3759,1.89021,1) (-34.9402,36.266,-0.811849,1) (-32,-20,0,1) (-2.71511,35.4305,-0.00311768,1) (-4,-20,0,1) (24.2,34.4,0,1) (24.2,-20,0,1) (-60,7.2,0,1) (52.7241,7.06441,0,1) (-12.0166,27.8176,0,2) (36.4,10,0,2)
109 (-57.7799,33.5819,0.467173,1) (52.3,34.4,0,1) (52.3,-20,0,1) (-26.0285,28.5569,1.85886,1) (-34.8386,36.3527,-0.799103,1) (-32,-20,0,1) (-2.73416,35.4502,0.00138944,1) (-4,-20,0,1) (24.2,34.4,0,1) (24.2,-20,0,1) (-60,7.2,0,1) (52.9638,6.9659,0,1) (-12.0166,27.8176,0,2) (37.2,10,0,2)
110 (-58.7004,33.9211,0.273464,1) (52.3,34.4,0,1) (52.3,-20,0,1) (-26.6014,27.7379,1.8275,1) (-34.6121,36.4266,-0.759291,1) (-32,-20,0,1) (-2.74729,35.4631,0.00441038,1) (-4,-20,0,1) (24.2,34.4,0,1) (24.2,-20,0,1) (-60,7.2,0,1) (53.2449,6.82622,0,1) (-12.0166,27.8176,0,2) (38,10,0,2)
111 (-59.621,34.2603,0.0797564,1) (52.3,34.4,0,1) (52.3,-20,0,1) (-27.1744,26.919,1.79615,1) (-34.2702,36.4349,-0.688744,1) (-32,-20,0,1) (-2.74927,35.4631,0.00460717,1) (-4,-20,0,1) (24.2,34.4,0,1) (24.2,-20,0,1) (-60,7.2,0,1) (53.5533,6.63125,0,1) (-12.0166,27.8176,0,2) (38.8,10,0,2)
112 (-60,34.4,0,1) (52.3,34.4,0,1) (52.3,-20,0,1) (-27.7474,26.1,1.7648,1) (-33.8427,36.3392,-0.589464,1) (-32,-20,0,1) (-2.7417,35.4516,0.0023476,1) (-4,-20,0,1) (24.2,34.4,0,1) (24.2,-20,0,1) (-60,7.2,0,1) (53.8764,6.37749,0,1) (-12.0166,27.8176,0,2) (39.6,10,0,2)
113 (-60,34.4,0,1) (52.3,34.4,0,1) (52.3,-20,0,1) (-28.3204,25.281,1.73345,1) (-33.3648,36.1187,-0.466575,1) (-32,-20,0,1) (-2.73082,35.4361,-0.000769041,1) (-4,-20,0,1) (24.2,34.4,0,1) (24.2,-20,0,1) (-60,7.2,0,1) (54.1968,6.05797,0,1) (-12.0166,27.8176,0,2) (40.4,10,0,2)
114 (-60,34.4,0,1) (52.3,34.4,0,1) (52.3,-20,0,1) (-28.8933,24.462,1.7021,1) (-32.8735,35.7668,-0.32697,1) (-32,-20,0,1) (-2.72337,35.4251,-0.00295828,1) (-4,-20,0,1) (24.2,34.4,0,1) (24.2,-20,0,1) (-60,7.2,0,1) (54.4896,5.66233,0,1) (-12.0166,27.8176,0,2) (41.2,10,0,2)
115 (-60,34.4,0,1) (52.3,34.4,0,1) (52.3,-20,0,1) (-29.4663,23.6431,1.67074,1) (-32.4081,35.2863,-0.179107,1) (-32,-20,0,1) (-2.72313,35.4232,-0.00322053,1) (-4,-20,0,1) (24.2,34.4,0,1) (24.2,-20,0,1) (-60,7.2,0,1) (54.7183,5.1803,0,1) (-12.0166,27.8176,0,2) (42,10,0,2)
116 (-60,34.4,0,1) (52.3,34.4,0,1) (52.3,-20,0,1) (-30.0393,22.8241,1.63939,1) (-32.0262,34.6869,-0.0359787,1) (-32,-20,0,1) (-2.72953,35.4295,-0.00173878,1) (-4,-20,0,1) (24.2,34.4,0,1) (24.2,-20,0,1) (-60,7.2,0,1) (54.9432,4.68626,0,1) (-12.0166,27.8176,0,2) (42.7999,10,0,2)
117 (-60,34.4,0,1) (52.3,34.4,0,1) (52.3,-20,0,1) (-30.6123,22.0051,1.60804,1) (-32,34.4,0,1) (-32,-20,0,1) (-2.7385,35.439,0.000413552,1) (-4,-20,0,1) (24.2,34.4,0,1) (24.2,-20,0,1) (-60,7.2,0,1) (55.2201,4.23274,0,1) (-12.0166,27.8176,0,2) (43.5999,10,0,2)
118 (-60,34.4,0,1) (52.3,34.4,0,1) (52.3,-20,0,1) (-31.1852,21.1861,1.57669,1) (-32,34.4,0,1) (-32,-20,0,1) (-2.74517,35.4459,0.00198741,1) (-4,-20,0,1) (24.2,34.4,0,1) (24.2,-20,0,1) (-60,7.2,0,1) (55.524,3.80015,0,1) (-12.0166,27.8176,0,2) (44.3999,10,0,2)
119 (-60,34.4,0,1) (52.3,34.4,0,1) (52.3,-20,0,1) (-31.7582,20.3672,1.54534,1) (-32,34.4,0,1) (-32,-20,0,1) (-2.7467,35.4467,0.00224714,1) (-4,-20,0,1) (24.2,34.4,0,1) (24.2,-20,0,1) (-60,7.2,0,1) (55.8433,3.37936,0,1) (-12.0166,27.8176,0,2) (45.1999,10,0,2)
120 (-60,34.4,0,1) (52.3,34.4,0,1) (52.3,-20,0,1) (-32.3312,19.5482,1.51398,1) (-32,34.4,0,1) (-32,-20,0,1) (-2.74343,35.4418,0.00127446,1) (-4,-20,0,1) (24.2,34.4,0,1) (24.2,-20,0,1) (-60,7.2,0,1) (56.1717,2.96569,0,1) (-12.0166,27.8176,0,2) (45.9999,10,0,2)
121 (-60,34.4,0,1) (52.3,34.4,0,1) (52.3,-20,0,1) (-32.9041,18.7292,1.48263,1) (-32,34.4,0,1) (-32,-20,0,1) (-2.73816,35.4345,-0.000210349,1) (-4,-20,0,1) (24.2,34.4,0,1) (24.2,-20,0,1) (-60,7.2,0,1) (56.506,2.5566,0,1) (-12.0166,27.8176,0,2) (46.7999,10,0,2)
122 (-60,34.4,0,1) (52.3,34.4,0,1) (52.3,-20,0,1) (-33.4771,17.9102,1.45128,1) (-32,34.4,0,1) (-32,-20,0,1) (-2.73422,35.4289,-0.0013358,1) (-4,-20,0,1) (24.2,34.4,0,1) (24.2,-20,0,1) (-60,7.2,0,1) (56.8442,2.15058,0,1) (-12.0166,27.8176,0,2) (47.5999,10,0,2)
123 (-60,34.4,0,1) (52.3,34.4,0,1) (52.3,-20,0,1) (-34.0501,17.0913,1.41993,1) (-32,34.4,0,1) (-32,-20,0,1) (-2.73366,35.4275,-0.00156572,1) (-4,-20,0,1) (24.2,34.4,0,1) (24.2,-20,0,1) (-60,7.2,0,1) (57.1852,1.74671,0,1) (-12.0166,27.8176,0,2) (48.3999,10,0,2)
124 (-60,34.4,0,1) (52.3,34.4,0,1) (52.3,-20,0,1) (-34.6231,16.2723,1.38858,1) (-32,34.4,0,1) (-32,-20,0,1) (-2.7364,35.4303,-0.000927579,1) (-4,-20,0,1) (24.2,34.4,0,1) (24.2,-20,0,1) (-60,7.2,0,1) (57.5281,1.34441,0,1) (-12.0166,27.8176,0,2) (49.1999,10,0,2)
125 (-60,34.4,0,1) (52.3,34.4,0,1) (52.3,-20,0,1) (-35.196,15.4533,1.35722,1) (-32,34.4,0,1) (-32,-20,0,1) (-2.7406,35.4348,9.5704e-05,1) (-4,-20,0,1) (24.2,34.4,0,1) (24.2,-20,0,1) (-60,7.2,0,1) (57.8727,0.943362,0,1) (-12.0166,27.8176,0,2) (49.9999,10,0,2)
126 (-60,34.4,0,1) (52.3,34.4,0,1) (52.3,-20,0,1) (-35.769,14.6344,1.32587,1) (-32,34.4,0,1) (-32,-20,0,1) (-2.74393,35.4384,0.000897485,1) (-4,-20,0,1) (24.2,34.4,0,1) (24.2,-20,0,1) (-60,7.2,0,1) (58.2032,0.534553,0,1) (-12.0166,27.8176,0,2) (50.7999,10,0,2)
127 (-60,34.4,0,1) (52.3,34.4,0,1) (52.3,-20,0,1) (-36.342,13.8154,1.29452,1) (-32,34.4,0,1) (-32,-20,0,1) (-2.74488,35.4391,0.00108956,1) (-4,-20,0,1) (24.2,34.4,0,1) (24.2,-20,0,1) (-60,7.2,0,1) (58.3921,0.0665756,0,1) (-12.0166,27.8176,0,2) (51.5999,10,0,2)
128 (-60,34.4,0,1) (52.3,34.4,0,1) (52.3,-20,0,1) (-36.915,12.9964,1.26317,1) (-32,34.4,0,1) (-32,-20,0,1) (-2.74346,35.437,0.000671701,1) (-4,-20,0,1) (24.2,34.4,0,1) (24.2,-20,0,1) (-60,7.2,0,1) (58.4614,-0.413686,0,1) (-12.0166,27.8176,0,2) (52.3999,10,0,2)
129 (-60,34.4,0,1) (52.3,34.4,0,1) (52.3,-20,0,1) (-37.4879,12.1774,1.23182,1) (-32,34.4,0,1) (-32,-20,0,1) (-2.74093,35.4336,-3.27774e-05,1) (-4,-20,0,1) (24.2,34.4,0,1) (24.2,-20,0,1) (-60,7.2,0,1) (58.4125,-0.879492,0,1) (-12.0166,27.8176,0,2) (53.1999,10,0,2)
130 (-60,34.4,0,1) (52.3,34.4,0,1) (52.3,-20,0,1) (-38.0609,11.3585,1.20046,1) (-32,34.4,0,1) (-32,-20,0,1) (-2.73888,35.4308,-0.00060236,1) (-4,-20,0,1) (24.2,34.4,0,1) (24.2,-20,0,1) (-60,7.2,0,1) (58.2476,-1.30598,0,1) (-12.0166,27.8176,0,2) (53.9999,10,0,2)
131 (-60,34.4,0,1) (52.3,34.4,0,1) (52.3,-20,0,1) (-38.6339,10.5395,1.16911,1) (-32,34.4,0,1) (-32,-20,0,1) (-2.73842,35.4299,-0.000757315,1) (-4,-20,0,1) (24.2,34.4,0,1) (24.2,-20,0,1) (-60,7.2,0,1) (57.9713,-1.66832,0,1) (-12.0166,27.8176,0,2) (54.7999,10,0,2)
132 (-60,34.4,0,1) (52.3,34.4,0,1) (52.3,-20,0,1) (-39.2068,9.7205,1.13776,1) (-32,34.4,0,1) (-32,-20,0,1) (-2.73958,35.4311,-0.000484523,1) (-4,-20,0,1) (24.2,34.4,0,1) (24.2,-20,0,1) (-60,7.2,0,1) (57.5922,-1.94125,0,1) (-12.0166,27.8176,0,2) (55.5999,10,0,2)
133 (-60,34.4,0,1) (52.3,34.4,0,1) (52.3,-20,0,1) (-39.7798,8.90153,1.10641,1) (-32,34.4,0,1) (-32,-20,0,1) (-2.74155,35.4333,-5.97211e-08,1) (-4,-20,0,1) (24.2,34.4,0,1) (24.2,-20,0,1) (-60,7.2,0,1) (57.1247,-2.0999,0,1) (-12.0166,27.8176,0,2) (56.3999,10,0,2)
134 (-60,34.4,0,1) (52.3,34.4,0,1) (52.3,-20,0,1) (-40.3528,8.08256,1.07506,1) (-32,34.4,0,1) (-32,-20,0,1) (-2.7432,35.4351,0.000403652,1) (-4,-20,0,1) (24.2,34.4,0,1) (24.2,-20,0,1) (-60,7.2,0,1) (56.5895,-2.12162,0,1) (-12.0166,27.8176,0,2) (57.1999,10,0,2)
135 (-60,34.4,0,1) (52.3,34.4,0,1) (52.3,-20,0,1) (-40.9258,7.26358,1.0437,1) (-32,34.4,0,1) (-32,-20,0,1) (-2.74375,35.4356,0.000525772,1) (-4,-20,0,1) (24.2,34.4,0,1) (24.2,-20,0,1) (-60,7.2,0,1) (56.0138,-1.98842,0,1) (-12.0166,27.8176,0,2) (57.9999,10,0,2)
136 (-60,34.4,0,1) (52.3,34.4,0,1) (52.3,-20,0,1) (-41.4987,6.44461,1.01235,1) (-32,34.4,0,1) (-32,-20,0,1) (-2.74314,35.4347,0.000348404,1) (-4,-20,0,1) (24.2,34.4,0,1) (24.2,-20,0,1) (-60,7.2,0,1) (55.4293,-1.68909,0,1) (-12.0166,27.8176,0,2) (58.7999,10,0,2)
137 (-60,34.4,0,1) (52.3,34.4,0,1) (52.3,-20,0,1) (-42.0717,5.62563,0.981001,1) (-32,34.4,0,1) (-32,-20,0,1) (-2.74193,35.4331,1.56321e-05,1) (-4,-20,0,1) (24.2,34.4,0,1) (24.2,-20,0,1) (-60,7.2,0,1) (54.8702,-1.22076,0,1) (-12.0166,27.8176,0,2) (59.5999,10,0,2)
138 (-60,34.4,0,1) (52.3,34.4,0,1) (52.3,-20,0,1) (-42.6447,4.80666,0.949649,1) (-32,34.4,0,1) (-32,-20,0,1) (-2.74089,35.4317,-0.000269961,1) (-4,-20,0,1) (24.2,34.4,0,1) (24.2,-20,0,1) (-60,7.2,0,1) (54.3702,-0.589279,0,1) (-12.0166,27.8176,0,2) (60.3999,10,0,2)
139 (-60,34.4,0,1) (52.3,34.4,0,1) (52.3,-20,0,1) (-43.2177,3.98769,0.918297,1) (-32,34.4,0,1) (-32,-20,0,1) (-2.74057,35.4313,-0.000364599,1) (-4,-20,0,1) (24.2,34.4,0,1) (24.2,-20,0,1) (-60,7.2,0,1) (53.9594,0.191576,0,1) (-12.0166,27.8176,0,2) (61.1999,10,0,2)
140 (-60,34.4,0,1) (52.3,34.4,0,1) (52.3,-20,0,1) (-43.7906,3.16871,0.886945,1) (-32,34.4,0,1) (-32,-20,0,1) (-2.74106,35.4318,-0.000249855,1) (-4,-20,0,1) (24.2,34.4,0,1) (24.2,-20,0,1) (-60,7.2,0,1) (53.6625,1.10177,0,1) (-12.0166,27.8176,0,2) (61.9999,10,0,2)
141 (-60,34.4,0,1) (52.3,34.4,0,1) (52.3,-20,0,1) (-44.3636,2.34974,0.855593,1) (-32,34.4,0,1) (-32,-20,0,1) (-2.74198,35.4328,-2.15582e-05,1) (-4,-20,0,1) (24.2,34.4,0,1) (24.2,-20,0,1) (-60,7.2,0,1) (53.4445,2.07771,0,1) (-12.0166,27.8176,0,2) (62.7999,10,0,2)
142 (-60,34.4,0,1) (52.3,34.4,0,1) (52.3,-20,0,1) (-44.9366,1.53076,0.824241,1) (-32,34.4,0,1) (-32,-20,0,1) (-2.74279,35.4337,0.00018013,1) (-4,-20,0,1) (24.2,34.4,0,1) (24.2,-20,0,1) (-60,7.2,0,1) (53.2264,3.05365,0,1) (-12.0166,27.8176,0,2) (63.5999,10,0,2)
143 (-60,34.4,0,1) (52.3,34.4,0,1) (52.3,-20,0,1) (-45.5096,0.711788,0.792889,1) (-32,34.4,0,1) (-32,-20,0,1) (-2.7431,35.434,0.000252537,1) (-4,-20,0,1) (24.2,34.4,0,1) (24.2,-20,0,1) (-60,7.2,0,1) (53.0084,4.02958,0,1) (-12.0166,27.8176,0,2) (64.3999,10,0,2)
144 (-60,34.4,0,1) (52.3,34.4,0,1) (52.3,-20,0,1) (-46.0825,-0.107186,0.761537,1) (-32,34.4,0,1) (-32,-20,0,1) (-2.74284,35.4337,0.000178757,1) (-4,-20,0,1) (24.2,34.4,0,1) (24.2,-20,0,1) (-60,7.2,0,1) (52.7903,5.00552,0,1) (-12.0166,27.8176,0,2) (65.1999,10,0,2)
145 (-60,34.4,0,1) (52.3,34.4,0,1) (52.3,-20,0,1) (-46.6555,-0.92616,0.730185,1) (-32,34.4,0,1) (-32,-20,0,1) (-2.74227,35.4329,2.23385e-05,1) (-4,-20,0,1) (24.2,34.4,0,1) (24.2,-20,0,1) (-60,7.2,0,1) (52.5723,5.98146,0,1) (-12.0166,27.8176,0,2) (65.9999,10,0,2)
146 (-60,34.4,0,1) (52.3,34.4,0,1) (52.3,-20,0,1) (-47.2285,-1.74513,0.698833,1) (-32,34.4,0,1) (-32,-20,0,1) (-2.74174,35.4322,-0.000119872,1) (-4,-20,0,1) (24.2,34.4,0,1) (24.2,-20,0,1) (-60,7.2,0,1) (52.3542,6.9574,0,1) (-12.0166,27.8176,0,2) (66.7999,10,0,2)
147 (-60,34.4,0,1) (52.3,34.4,0,1) (52.3,-20,0,1) (-47.8014,-2.56411,0.667481,1) (-32,34.4,0,1) (-32,-20,0,1) (-2.74155,35.4319,-0.000174712,1) (-4,-20,0,1) (24.2,34.4,0,1) (24.2,-20,0,1) (-60,7.2,0,1) (52.3,7.2,0,1) (-12.0166,27.8176,0,2) (67.5999,10,0,2)
148 (-60,34.4,0,1) (52.3,34.4,0,1) (52.3,-20,0,1) (-48.3744,-3.38308,0.636129,1) (-32,34.4,0,1) (-32,-20,0,1) (-2.74175,35.4321,-0.000127617,1) (-4,-20,0,1) (24.2,34.4,0,1) (24.2,-20,0,1) (-60,7.2,0,1) (52.3,7.2,0,1) (-12.0166,27.8176,0,2) (68.3999,10,0,2)
149 (-60,34.4,0,1) (52.3,34.4,0,1) (52.3,-20,0,1) (-48.9474,-4.20206,0.604777,1) (-32,34.4,0,1) (-32,-20,0,1) (-2.74217,35.4326,-2.05904e-05,1) (-4,-20,0,1) (24.2,34.4,0,1) (24.2,-20,0,1) (-60,7.2,0,1) (52.3,7.2,0,1) (-12.0166,27.8176,0,2) (69.2,10,0,2)
150 (-60,34.4,0,1) (52.3,34.4,0,1) (52.3,-20,0,1) (-49.5204,-5.02103,0.573425,1) (-32,34.4,0,1) (-32,-20,0,1) (-2.74257,35.4331,7.95337e-05,1) (-4,-20,0,1) (24.2,34.4,0,1) (24.2,-20,0,1) (-60,7.2,0,1) (52.3,7.2,0,1) (-12.0166,27.8176,0,2) (70,10,0,2)
151 (-60,34.4,0,1) (52.3,34.4,0,1) (52.3,-20,0,1) (-50.0933,-5.84,0.542073,1) (-32,34.4,0,1) (-32,-20,0,1) (-2.74275,35.4333,0.000120725,1) (-4,-20,0,1) (24.2,34.4,0,1) (24.2,-20,0,1) (-60,7.2,0,1) (52.3,7.2,0,1) (-12.0166,27.8176,0,2) (70.8,10,0,2)
152 (-60,34.4,0,1) (52.3,34.4,0,1) (52.3,-20,0,1) (-50.6663,-6.65898,0.510721,1) (-32,34.4,0,1) (-32,-20,0,1) (-2.74264,35.4331,9.09274e-05,1) (-4,-20,0,1) (24.2,34.4,0,1) (24.2,-20,0,1) (-60,7.2,0,1) (52.3,7.2,0,1) (-12.0166,27.8176,0,2) (71.6,10,0,2)
153 (-60,34.4,0,1) (52.3,34.4,0,1) (52.3,-20,0,1) (-51.2393,-7.47795,0.479369,1) (-32,34.4,0,1) (-32,-20,0,1) (-2.74237,35.4328,1.77991e-05,1) (-4,-20,0,1) (24.2,34.4,0,1) (24.2,-20,0,1) (-60,7.2,0,1) (52.3,7.2,0,1) (-12.0166,27.8176,0,2) (72.4,10,0,2)
154 (-60,34.4,0,1) (52.3,34.4,0,1) (52.3,-20,0,1) (-51.8123,-8.29693,0.448017,1) (-32,34.4,0,1) (-32,-20,0,1) (-2.74211,35.4324,-5.25948e-05,1) (-4,-20,0,1) (24.2,34.4,0,1) (24.2,-20,0,1) (-60,7.2,0,1) (52.3,7.2,0,1) (-12.0166,27.8176,0,2) (73.2,10,0,2)
155 (-60,34.4,0,1) (52.3,34.4,0,1) (52.3,-20,0,1) (-52.3852,-9.1159,0.416665,1) (-32,34.4,0,1) (-32,-20,0,1) (-2.742,35.4323,-8.33193e-05,1) (-4,-20,0,1) (24.2,34.4,0,1) (24.2,-20,0,1) (-60,7.2,0,1) (52.3,7.2,0,1) (-12.0166,27.8176,0,2) (74,10,0,2)
156 (-60,34.4,0,1) (52.3,34.4,0,1) (52.3,-20,0,1) (-52.9582,-9.93488,0.385313,1) (-32,34.4,0,1) (-32,-20,0,1) (-2.74207,35.4324,-6.46661e-05,1) (-4,-20,0,1) (24.2,34.4,0,1) (24.2,-20,0,1) (-60,7.2,0,1) (52.3,7.2,0,1) (-12.0166,27.8176,0,2) (74.8,10,0,2)
157 (-60,34.4,0,1) (52.3,34.4,0,1) (52.3,-20,0,1) (-53.5312,-10.7538,0.353961,1) (-32,34.4,0,1) (-32,-20,0,1) (-2.74227,35.4326,-1.47729e-05,1) (-4,-20,0,1) (24.2,34.4,0,1) (24.2,-20,0,1) (-60,7.2,0,1) (52.3,7.2,0,1) (-12.0166,27.8176,0,2) (75.6,10,0,2)
