15
0 (36,5,0,1) (30,22.4,0,1) (16,34,0,1) (-2.1,37.7,0,1) (-20,34,0,1) (-35,22.4,0,1) (-40,5,0,1) (-35,-12.4,0,1) (-20,-24,0,1) (-2.1,-27.7,0,1) (16,-24,0,1) (30.6,-12.4,0,1) (-12.0166,27.8176,0,2) (-50,10,0,2) (-5,-30,0,2)
1 (36.991,5.13376,0,1) (30.8806,22.8739,0,1) (16.6685,34.3224,0,1) (-1.98615,37.4441,0,1) (-20.8214,34.4931,0,1) (-35.9015,22.8327,0,1) (-39.1733,4.91999,0,1) (-35.9568,-12.6909,0,1) (-20.4774,-24.0483,0,1) (-0.323564,-26.7812,0,1) (16.3945,-23.9622,0,1) (31.5438,-12.7305,0,1) (-12.0166,27.8176,0,2) (-49.2,10,0,2) (-5,-29.2,0,2)
2 (37.982,5.26751,0,1) (31.7612,23.3477,0,1) (17.592,34.3792,0,1) (-1.85281,37.0436,0,1) (-21.8922,34.6494,0,1) (-36.803,23.2655,0,1) (-38.3383,4.09002,0,1) (-36.9135,-12.9817,0,1) (-21.355,-23.7458,0,1) (1.53768,-26.0492,0,1) (17.2682,-23.7822,0,1) (32.4876,-13.0611,0,1) (-12.0166,27.8176,0,2) (-48.4,10,0,2) (-5,-28.4,0,2)
3 (38.973,5.40127,0,1) (32.6418,23.8216,0,1) (18.592,34.3824,0,1) (-1.73716,36.6062,0,1) (-22.8919,34.6247,0,1) (-37.7046,23.6982,0,1) (-37.675,3.12858,0,1) (-37.8703,-13.2726,0,1) (-22.2983,-23.4139,0,1) (3.46766,-25.5246,0,1) (18.418,-23.6511,0,1) (33.4314,-13.3916,0,1) (-12.0166,27.8176,0,2) (-47.6,10,0,2) (-5,-27.6,0,2)
4 (39.9641,5.53503,0,1) (33.5224,24.2955,0,1) (19.592,34.3855,0,1) (-1.65384,36.2166,0,1) (-23.8916,34.6001,0,1) (-38.6061,24.1309,0,1) (-37.3531,2.17547,0,1) (-38.8271,-13.5634,0,1) (-23.2416,-23.0819,0,1) (5.43835,-25.1835,0,1) (19.7568,-23.6874,0,1) (34.3752,-13.7222,0,1) (-12.0166,27.8176,0,2) (-46.8,10,0,2) (-5,-26.8,0,2)
5 (40.9551,5.66878,0,1) (34.403,24.7693,0,1) (20.592,34.3887,0,1) (-1.61829,35.9368,0,1) (-24.8913,34.5754,0,1) (-39.5076,24.5637,0,1) (-37.369,1.24167,0,1) (-39.7838,-13.8543,0,1) (-24.1849,-22.75,0,1) (7.14105,-24.4615,0,1) (21.2432,-23.8776,0,1) (35.319,-14.0527,0,1) (-12.0166,27.8176,0,2) (-46,10,0,2) (-5,-26,0,2)
6 (41.9461,5.80254,0,1) (35.2836,25.2432,0,1) (21.5919,34.3918,0,1) (-1.65063,35.7943,0,1) (-25.891,34.5507,0,1) (-40.4091,24.9964,0,1) (-37.6198,0.373466,0,1) (-40.7406,-14.1451,0,1) (-25.128,-22.4185,0,1) (7.99246,-24.0435,0,1) (22.6372,-23.9678,0,1) (36.2627,-14.3833,0,1) (-12.0166,27.8176,0,2) (-45.2,10,0,2) (-5,-25.2,0,2)
7 (42.9371,5.9363,0,1) (36.1642,25.717,0,1) (22.5919,34.3949,0,1) (-1.76132,35.7728,0,1) (-26.8907,34.5261,0,1) (-41.3107,25.4291,0,1) (-38.0399,-0.407883,0,1) (-41.6974,-14.436,0,1) (-26.0713,-22.0866,0,1) (8.32481,-23.8825,0,1) (23.6854,-23.65,0,1) (37.2218,-14.7018,0,1) (-12.0166,27.8176,0,2) (-44.4,10,0,2) (-5,-24.4,0,2)
8 (43.9281,6.07005,0,1) (37.0448,26.1909,0,1) (23.5919,34.3981,0,1) (-1.93369,35.8255,0,1) (-27.8904,34.5014,0,1) (-42.2122,25.8619,0,1) (-38.5964,-1.08671,0,1) (-42.6541,-14.7269,0,1) (-27.0146,-21.7546,0,1) (8.29201,-23.9069,0,1) (24.1465,-22.6341,0,1) (38.1653,-15.0333,0,1) (-12.0166,27.8176,0,2) (-43.6,10,0,2) (-5,-23.6,0,2)
9 (44.9191,6.20381,0,1) (37.9254,26.6648,0,1) (24.2,34.4,0,1) (-2.12611,35.9015,0,1) (-28.8901,34.4767,0,1) (-43.1137,26.2946,0,1) (-39.2855,-1.64164,0,1) (-43.6109,-15.0177,0,1) (-27.9579,-21.4226,0,1) (8.05067,-23.9639,0,1) (24.1668,-21.6343,0,1) (39.1087,-15.3648,0,1) (-12.0166,27.8176,0,2) (-42.8,10,0,2) (-5,-22.8,0,2)
10 (45.9101,6.33756,0,1) (38.806,27.1386,0,1) (24.2,34.4,0,1) (-2.29114,35.9594,0,1) (-29.8898,34.4521,0,1) (-44.0152,26.7273,0,1) (-40.1022,-2.03358,0,1) (-44.5677,-15.3086,0,1) (-28.9012,-21.0906,0,1) (7.71302,-23.9876,0,1) (24.1871,-20.6345,0,1) (40.0522,-15.6963,0,1) (-12.0166,27.8176,0,2) (-42,10,0,2) (-5,-22,0,2)
11 (46.9011,6.47132,0,1) (39.6866,27.6125,0,1) (24.2,34.4,0,1) (-2.3962,35.9696,0,1) (-30.8895,34.4274,0,1) (-44.9168,27.16,0,1) (-41.0194,-2.21428,0,1) (-45.5244,-15.5994,0,1) (-29.8445,-20.7586,0,1) (7.32067,-23.9859,0,1) (24.2,-20,0,1) (40.9956,-16.0278,0,1) (-12.0166,27.8176,0,2) (-41.2,10,0,2) (-5,-21.2,0,2)
12 (47.8922,6.60508,0,1) (40.5672,28.0864,0,1) (24.2,34.4,0,1) (-2.43639,35.9198,0,1) (-31.8892,34.4027,0,1) (-45.8183,27.5928,0,1) (-41.9812,-2.14645,0,1) (-46.4812,-15.8903,0,1) (-30.7878,-20.4266,0,1) (6.89673,-23.965,0,1) (24.2,-20,0,1) (41.9391,-16.3593,0,1) (-12.0166,27.8176,0,2) (-40.4,10,0,2) (-5,-20.4,0,2)
13 (48.8832,6.73883,0,1) (41.4478,28.5602,0,1) (24.2,34.4,0,1) (-2.43103,35.8213,0,1) (-32,34.4,0,1) (-46.7198,28.0255,0,1) (-42.9147,-1.81915,0,1) (-47.438,-16.1811,0,1) (-31.731,-20.0947,0,1) (6.45422,-23.9292,0,1) (24.2,-20,0,1) (42.8825,-16.6908,0,1) (-12.0166,27.8176,0,2) (-39.6,10,0,2) (-5,-19.6,0,2)
14 (49.8742,6.87259,0,1) (42.3284,29.0341,0,1) (24.2,34.4,0,1) (-2.40863,35.7059,0,1) (-32,34.4,0,1) (-47.6213,28.4582,0,1) (-43.7991,-1.35232,0,1) (-48.3948,-16.472,0,1) (-32,-20,0,1) (6.00034,-23.8808,0,1) (24.2,-20,0,1) (43.826,-17.0224,0,1) (-12.0166,27.8176,0,2) (-38.8,10,0,2) (-5,-18.8,0,2)
15 (50.8652,7.00634,0,1) (43.2089,29.508,0,1) (24.2,34.4,0,1) (-2.39487,35.6105,0,1) (-32,34.4,0,1) (-48.5229,28.891,0,1) (-44.6834,-0.885482,0,1) (-49.3515,-16.7629,0,1) (-32,-20,0,1) (5.53848,-23.8217,0,1) (24.2,-20,0,1) (44.7695,-17.3539,0,1) (-12.0166,27.8176,0,2) (-38,10,0,2) (-5,-18,0,2)
16 (51.8562,7.1401,0,1) (44.0895,29.9818,0,1) (24.2,34.4,0,1) (-2.40704,35.5593,0,1) (-32,34.4,0,1) (-49.4244,29.3237,0,1) (-45.5677,-0.418645,0,1) (-50.3083,-17.0537,0,1) (-32,-20,0,1) (5.06784,-23.7535,0,1) (24.2,-20,0,1) (45.7129,-17.6854,0,1) (-12.0166,27.8176,0,2) (-37.2,10,0,2) (-5,-17.2,0,2)
17 (52.3,7.2,0,1) (44.9701,30.4557,0,1) (24.2,34.4,0,1) (-2.44992,35.5543,0,1) (-32,34.4,0,1) (-50.3259,29.7564,0,1) (-46.4521,0.0481909,0,1) (-51.2651,-17.3446,0,1) (-32,-20,0,1) (4.57337,-23.6798,0,1) (24.2,-20,0,1) (46.6564,-18.0169,0,1) (-12.0166,27.8176,0,2) (-36.4,10,0,2) (-5,-16.4,0,2)
18 (52.3,7.2,0,1) (45.8507,30.9295,0,1) (24.2,34.4,0,1) (-2.51338,35.5783,0,1) (-32,34.4,0,1) (-51.2274,30.1892,0,1) (-47.3364,0.515027,0,1) (-52.2218,-17.6354,0,1) (-32,-20,0,1) (4.01512,-23.5998,0,1) (24.2,-20,0,1) (47.5998,-18.3484,0,1) (-12.0166,27.8176,0,2) (-35.6,10,0,2) (-5,-15.6,0,2)
19 (52.3,7.2,0,1) (46.7313,31.4034,0,1) (24.2,34.4,0,1) (-2.57705,35.6068,0,1) (-32,34.4,0,1) (-52.1289,30.6219,0,1) (-48.2208,0.981863,0,1) (-53.1786,-17.9263,0,1) (-32,-20,0,1) (3.38284,-23.4897,0,1) (24.2,-20,0,1) (48.5433,-18.6799,0,1) (-12.0166,27.8176,0,2) (-34.8,10,0,2) (-5,-14.8,0,2)
20 (52.3,7.2,0,1) (47.6119,31.8773,0,1) (24.2,34.4,0,1) (-2.62166,35.6185,0,1) (-32,34.4,0,1) (-53.0305,31.0546,0,1) (-49.1051,1.4487,0,1) (-54.1354,-18.2171,0,1) (-32,-20,0,1) (2.68446,-23.3293,0,1) (24.2,-20,0,1) (49.4867,-19.0114,0,1) (-12.0166,27.8176,0,2) (-34,10,0,2) (-5,-14,0,2)
21 (52.3,7.2,0,1) (48.4925,32.3511,0,1) (24.2,34.4,0,1) (-2.63925,35.6036,0,1) (-32,34.4,0,1) (-53.932,31.4874,0,1) (-49.9895,1.91554,0,1) (-55.0921,-18.508,0,1) (-32,-20,0,1) (1.93233,-23.1069,0,1) (24.2,-20,0,1) (50.4302,-19.343,0,1) (-12.0166,27.8176,0,2) (-33.2,10,0,2) (-5,-13.2,0,2)
