15
0 (36,5,0,1) (30,22.4,0,1) (16,34,0,1) (-2.1,37.7,0,1) (-20,34,0,1) (-35,22.4,0,1) (-40,5,0,1) (-35,-12.4,0,1) (-20,-24,0,1) (-2.1,-27.7,0,1) (16,-24,0,1) (30.6,-12.4,0,1) (-12.0166,27.8176,0,2) (-50,10,0,2) (-5,-30,0,2)
1 (35.0438,5.29283,0,1) (30.8806,22.8739,0,1) (16.5579,33.1701,0,1) (-2.17084,37.6294,0,1) (-21.1107,34.1195,0,1) (-34.9294,21.4025,0,1) (-38.8863,5.44818,0,1) (-34.0288,-12.6381,0,1) (-19.3965,-23.2026,0,1) (-0.323564,-26.7812,0,1) (15.0749,-23.6202,0,1) (31.3421,-11.7297,0,1) (-12.0166,27.8176,0,2) (-49.2,10,0,2) (-5,-29.2,0,2)
2 (34.0877,5.58565,0,1) (31.7612,23.3477,0,1) (17.1158,32.3402,0,1) (-2.27355,37.5271,0,1) (-22.208,34.2067,0,1) (-34.8588,20.405,0,1) (-37.4697,5.83696,0,1) (-33.0575,-12.8762,0,1) (-18.793,-22.4053,0,1) (1.53768,-26.0492,0,1) (14.1498,-23.2405,0,1) (32.0842,-11.0594,0,1) (-12.0166,27.8176,0,2) (-48.4,10,0,2) (-5,-28.4,0,2)
3 (33.1315,5.87848,0,1) (32.6418,23.8216,0,1) (17.6737,31.5102,0,1) (-2.38706,37.4139,0,1) (-23.2078,34.2264,0,1) (-34.9326,19.7079,0,1) (-36.2889,5.74269,0,1) (-32.0863,-13.1143,0,1) (-18.1895,-21.6079,0,1) (3.46766,-25.5246,0,1) (14.2571,-22.156,0,1) (32.8263,-10.3891,0,1) (-12.0166,27.8176,0,2) (-47.6,10,0,2) (-5,-27.6,0,2)
4 (32.1753,6.1713,0,1) (33.5224,24.2955,0,1) (18.2316,30.6803,0,1) (-2.50031,37.3011,0,1) (-24.2076,34.2462,0,1) (-35.0038,19.012,0,1) (-35.1639,5.62164,0,1) (-31.115,-13.3524,0,1) (-17.6891,-20.7246,0,1) (5.44504,-25.8246,0,1) (15.4731,-20.8481,0,1) (33.5684,-9.71885,0,1) (-12.0166,27.8176,0,2) (-46.8,10,0,2) (-5,-26.8,0,2)
5 (31.2192,6.46413,0,1) (34.403,24.7693,0,1) (18.7894,29.8504,0,1) (-2.60775,37.194,0,1) (-25.2074,34.2659,0,1) (-34.6975,18.4975,0,1) (-34.0439,5.49816,0,1) (-30.1438,-13.5905,0,1) (-17.2472,-19.7817,0,1) (7.20844,-26.3692,0,1) (17.1034,-19.6897,0,1) (34.3105,-9.04857,0,1) (-12.0166,27.8176,0,2) (-46,10,0,2) (-5,-26,0,2)
6 (30.263,6.75695,0,1) (35.2836,25.2432,0,1) (19.3473,29.0205,0,1) (-2.70693,37.0952,0,1) (-26.2072,34.2856,0,1) (-34.1745,18.0872,0,1) (-32.9295,5.37199,0,1) (-29.3581,-13.8526,0,1) (-16.6473,-18.6015,0,1) (8.14481,-26.0182,0,1) (17.722,-18.0184,0,1) (35.0526,-8.37828,0,1) (-12.0166,27.8176,0,2) (-45.2,10,0,2) (-5,-25.2,0,2)
7 (29.3068,7.04978,0,1) (36.1642,25.717,0,1) (19.9052,28.1906,0,1) (-2.79701,37.0055,0,1) (-27.2071,34.3054,0,1) (-33.5238,17.7382,0,1) (-31.8212,5.24289,0,1) (-28.5727,-14.1122,0,1) (-16.0489,-17.4089,0,1) (9.08119,-25.6672,0,1) (17.6437,-16.4257,0,1) (35.7947,-7.708,0,1) (-12.0166,27.8176,0,2) (-44.4,10,0,2) (-5,-24.4,0,2)
8 (28.3507,7.34261,0,1) (37.0448,26.1909,0,1) (20.4631,27.3607,0,1) (-2.87804,36.9248,0,1) (-28.2069,34.3251,0,1) (-32.7965,17.4261,0,1) (-30.7196,5.11055,0,1) (-27.7876,-14.3693,0,1) (-15.4515,-16.2093,0,1) (10.0176,-25.3162,0,1) (17.1975,-15.044,0,1) (36.5368,-7.03771,0,1) (-12.0166,27.8176,0,2) (-43.6,10,0,2) (-5,-23.6,0,2)
9 (27.3945,7.63543,0,1) (37.9254,26.6648,0,1) (21.021,26.5308,0,1) (-2.9505,36.8526,0,1) (-29.2067,34.3449,0,1) (-32.0221,17.1365,0,1) (-29.6254,4.97469,0,1) (-27.0029,-14.6239,0,1) (-14.8546,-15.0056,0,1) (10.9539,-24.9652,0,1) (16.5288,-13.8776,0,1) (37.2789,-6.36742,0,1) (-12.0166,27.8176,0,2) (-42.8,10,0,2) (-5,-22.8,0,2)
10 (26.4383,7.92826,0,1) (38.806,27.1386,0,1) (21.5789,25.7008,0,1) (-3.01506,36.7883,0,1) (-30.2065,34.3646,0,1) (-31.2181,16.8612,0,1) (-28.5391,4.83498,0,1) (-26.2185,-14.8759,0,1) (-14.258,-13.7994,0,1) (11.8903,-24.6142,0,1) (15.7112,-12.918,0,1) (38.021,-5.69714,0,1) (-12.0166,27.8176,0,2) (-42,10,0,2) (-5,-22,0,2)
11 (25.4822,8.22108,0,1) (39.6866,27.6125,0,1) (22.1368,24.8709,0,1) (-3.07243,36.7311,0,1) (-31.2063,34.3843,0,1) (-30.3949,16.5951,0,1) (-27.4616,4.6911,0,1) (-25.4344,-15.1251,0,1) (-13.6616,-12.5918,0,1) (12.8267,-24.2632,0,1) (14.7903,-12.1715,0,1) (38.7631,-5.02685,0,1) (-12.0166,27.8176,0,2) (-41.2,10,0,2) (-5,-21.2,0,2)
12 (24.526,8.51391,0,1) (40.5672,28.0864,0,1) (22.6947,24.041,0,1) (-3.12335,36.6805,0,1) (-32,34.4,0,1) (-29.5589,16.3351,0,1) (-26.3934,4.54271,0,1) (-24.5245,-15.3668,0,1) (-13.1714,-11.4561,0,1) (13.7631,-23.9122,0,1) (13.8116,-11.6636,0,1) (39.5052,-4.35656,0,1) (-12.0166,27.8176,0,2) (-40.4,10,0,2) (-5,-20.4,0,2)
13 (23.5699,8.80673,0,1) (41.4478,28.5602,0,1) (23.2525,23.2111,0,1) (-3.1685,36.6355,0,1) (-32,34.4,0,1) (-28.7142,16.0794,0,1) (-25.3354,4.38947,0,1) (-23.5651,-15.5932,0,1) (-12.7253,-10.3499,0,1) (14.6994,-23.5612,0,1) (12.8428,-11.416,0,1) (40.2473,-3.68628,0,1) (-12.0166,27.8176,0,2) (-39.6,10,0,2) (-5,-19.6,0,2)
14 (22.5766,9.04102,0,1) (42.3284,29.0341,0,1) (23.8475,22.4397,0,1) (-3.20852,36.5957,0,1) (-32,34.4,0,1) (-27.8634,15.8265,0,1) (-24.2882,4.231,0,1) (-22.5895,-15.8129,0,1) (-12.3067,-9.26218,0,1) (15.6358,-23.2102,0,1) (11.8739,-11.1684,0,1) (40.9894,-3.01599,0,1) (-12.0166,27.8176,0,2) (-38.8,10,0,2) (-5,-18.8,0,2)
15 (21.5832,9.27541,0,1) (43.2089,29.508,0,1) (24.442,21.6686,0,1) (-3.24397,36.5605,0,1) (-32,34.4,0,1) (-27.0085,15.5757,0,1) (-23.2526,4.06697,0,1) (-21.614,-16.0326,0,1) (-11.8872,-8.17329,0,1) (16.5722,-22.8592,0,1) (10.905,-10.9208,0,1) (41.7316,-2.3457,0,1) (-12.0166,27.8176,0,2) (-38,10,0,2) (-5,-18,0,2)
16 (20.5896,9.50992,0,1) (44.0895,29.9818,0,1) (25.0361,20.8978,0,1) (-3.27538,36.5293,0,1) (-32,34.4,0,1) (-26.1509,15.3261,0,1) (-22.2293,3.897,0,1) (-20.6384,-16.2524,0,1) (-11.4527,-7.0787,0,1) (17.5086,-22.5082,0,1) (9.93618,-10.6732,0,1) (42.4737,-1.67542,0,1) (-12.0166,27.8176,0,2) (-37.2,10,0,2) (-5,-17.2,0,2)
17 (19.5959,9.74454,0,1) (44.9701,30.4557,0,1) (25.6298,20.1272,0,1) (-3.3032,36.5017,0,1) (-32,34.4,0,1) (-25.2917,15.0773,0,1) (-21.2192,3.72073,0,1) (-19.6628,-16.4721,0,1) (-11.0011,-5.98955,0,1) (18.445,-22.1573,0,1) (8.96732,-10.4256,0,1) (43.2158,-1.00513,0,1) (-12.0166,27.8176,0,2) (-36.4,10,0,2) (-5,-16.4,0,2)
18 (18.6019,9.97927,0,1) (45.8507,30.9295,0,1) (26.2229,19.357,0,1) (-3.32786,36.4773,0,1) (-32,34.4,0,1) (-24.4316,14.8289,0,1) (-20.668,3.32394,0,1) (-18.7711,-16.7513,0,1) (-10.0943,-4.69834,0,1) (19.3813,-21.8063,0,1) (7.99846,-10.178,0,1) (43.9579,-0.334844,0,1) (-12.0166,27.8176,0,2) (-35.6,10,0,2) (-5,-15.6,0,2)
19 (17.6469,10.276,0,1) (46.7313,31.4034,0,1) (26.7753,18.5234,0,1) (-3.34971,36.4557,0,1) (-32,34.4,0,1) (-23.5602,14.5373,0,1) (-20.1068,2.97441,0,1) (-17.933,-17.0614,0,1) (-9.20445,-3.48702,0,1) (20.3177,-21.4553,0,1) (7.46383,-9.94374,0,1) (44.7,0.335443,0,1) (-12.0166,27.8176,0,2) (-34.8,10,0,2) (-5,-14.8,0,2)
20 (16.692,10.5727,0,1) (47.6119,31.8773,0,1) (27.3276,17.6898,0,1) (-3.36909,36.4367,0,1) (-32,34.4,0,1) (-22.6885,14.2457,0,1) (-19.5457,2.62489,0,1) (-17.1315,-17.3865,0,1) (-8.33516,-2.37354,0,1) (21.2541,-21.1043,0,1) (7.16811,-9.75558,0,1) (45.4421,1.00573,0,1) (-12.0166,27.8176,0,2) (-34,10,0,2) (-5,-14,0,2)
21 (15.737,10.8694,0,1) (48.4925,32.3511,0,1) (27.8799,16.8561,0,1) (-3.38628,36.4198,0,1) (-32,34.4,0,1) (-21.8166,13.9541,0,1) (-18.9845,2.27536,0,1) (-16.3576,-17.7175,0,1) (-7.48534,-1.35248,0,1) (22.1905,-20.7533,0,1) (7.00973,-9.54134,0,1) (46.1842,1.67602,0,1) (-12.0166,27.8176,0,2) (-33.2,10,0,2) (-5,-13.2,0,2)
22 (14.782,11.1661,0,1) (49.3731,32.825,0,1) (28.4323,16.0225,0,1) (-3.40154,36.405,0,1) (-32,34.4,0,1) (-20.9446,13.6626,0,1) (-18.4234,1.92584,0,1) (-15.608,-18.0489,0,1) (-6.65236,-0.411404,0,1) (23.1268,-20.4023,0,1) (6.92983,-9.30131,0,1) (46.9263,2.3463,0,1) (-12.0166,27.8176,0,2) (-32.4,10,0,2) (-5,-12.4,0,2)
23 (13.8271,11.4628,0,1) (50.2537,33.2989,0,1) (28.9846,15.1889,0,1) (-3.41512,36.3919,0,1) (-32,34.4,0,1) (-20.0724,13.371,0,1) (-17.8461,1.57932,0,1) (-14.8919,-18.3782,0,1) (-5.84756,0.461882,0,1) (24.0632,-20.0513,0,1) (6.89602,-9.03969,0,1) (47.6684,3.01659,0,1) (-12.0166,27.8176,0,2) (-31.6,10,0,2) (-5,-11.6,0,2)
24 (12.8721,11.7595,0,1) (51.1343,33.7727,0,1) (29.537,14.3553,0,1) (-3.4272,36.3804,0,1) (-32,34.4,0,1) (-19.2003,13.0795,0,1) (-17.2226,1.24143,0,1) (-14.1067,-18.7012,0,1) (-5.15581,1.28316,0,1) (24.2,-20,0,1) (6.89052,-8.75986,0,1) (48.4105,3.68688,0,1) (-12.0166,27.8176,0,2) (-30.8,10,0,2) (-5,-10.8,0,2)
25 (11.9171,12.0562,0,1) (52.0149,34.2466,0,1) (30.0893,13.5217,0,1) (-3.438,36.3703,0,1) (-32,34.4,0,1) (-18.3268,12.7833,0,1) (-16.6643,0.898713,0,1) (-13.2161,-18.9353,0,1) (-4.48947,2.05996,0,1) (24.2,-20,0,1) (6.90392,-8.46195,0,1) (49.1526,4.35717,0,1) (-12.0166,27.8176,0,2) (-30,10,0,2) (-5,-10,0,2)
26 (10.9621,12.3529,0,1) (52.3,34.4,0,1) (30.6416,12.688,0,1) (-3.44766,36.3615,0,1) (-32,34.4,0,1) (-17.4555,12.4844,0,1) (-16.1416,0.55377,0,1) (-12.2227,-19.0501,0,1) (-3.82584,2.80803,0,1) (24.2,-20,0,1) (6.93349,-8.12665,0,1) (49.8947,5.02745,0,1) (-12.0166,27.8176,0,2) (-29.2,10,0,2) (-5,-9.20001,0,2)
27 (10.0072,12.6496,0,1) (52.3,34.4,0,1) (31.194,11.8544,0,1) (-3.45635,36.3539,0,1) (-32,34.4,0,1) (-16.5909,12.1773,0,1) (-15.9356,0.18848,0,1) (-11.2293,-19.1648,0,1) (-3.16222,3.5561,0,1) (24.2,-20,0,1) (6.97687,-7.85164,0,1) (50.6368,5.69774,0,1) (-12.0166,27.8176,0,2) (-28.4,10,0,2) (-5,-8.40001,0,2)
28 (9.05221,12.9463,0,1) (52.3,34.4,0,1) (31.7463,11.0208,0,1) (-3.46421,36.3472,0,1) (-32,34.4,0,1) (-15.7329,11.8479,0,1) (-15.9099,-0.15849,0,1) (-10.2359,-19.2796,0,1) (-2.4986,4.30416,0,1) (24.2,-20,0,1) (7.01022,-7.63042,0,1) (51.3789,6.36803,0,1) (-12.0166,27.8176,0,2) (-27.6,10,0,2) (-5,-7.60001,0,2)
29 (8.25824,13.698,0,1) (52.3,34.4,0,1) (32.2986,10.1872,0,1) (-3.47137,36.3416,0,1) (-32,34.4,0,1) (-14.8817,11.489,0,1) (-15.9883,-0.470316,0,1) (-9.2425,-19.3944,0,1) (-0.499417,4.24699,0,1) (24.2,-20,0,1) (7.01208,-7.45728,0,1) (52.121,7.03832,0,1) (-12.0166,27.8176,0,2) (-26.8,10,0,2) (-5,-6.80001,0,2)
30 (7.5295,14.5687,0,1) (52.3,34.4,0,1) (32.851,9.35356,0,1) (-3.47795,36.3368,0,1) (-32,34.4,0,1) (-14.0384,11.0921,0,1) (-16.1272,-0.734923,0,1) (-8.24911,-19.5091,0,1) (1.17379,4.25568,1.09558,1) (24.2,-20,0,1) (6.95357,-7.44239,0,1) (52.3,7.2,0,1) (-12.0166,27.8176,0,2) (-26,10,0,2) (-5,-6.00001,0,2)
31 (6.80529,15.4052,-0.0954176,1) (52.3,34.4,0,1) (33.4033,8.51994,0,1) (-3.48409,36.3329,0,1) (-32,34.4,0,1) (-13.2054,10.656,0,1) (-16.303,-0.949981,0,1) (-7.25572,-19.6239,0,1) (2.14921,4.52767,1.90907,1) (24.2,-20,0,1) (6.84813,-7.40713,0,1) (52.3,7.2,0,1) (-12.0166,27.8176,0,2) (-25.2,10,0,2) (-5,-5.20001,0,2)
32 (6.07248,16.2292,-0.198224,1) (52.3,34.4,0,1) (33.9557,7.68632,0,1) (-3.48989,36.3299,0,1) (-32,34.4,0,1) (-12.3866,10.1755,0,1) (-16.509,-1.12446,0,1) (-6.26232,-19.7386,0,1) (2.87698,4.83338,2.27871,1) (24.2,-20,0,1) (6.67255,-7.42154,0,1) (52.3,7.2,0,1) (-12.0166,27.8176,0,2) (-24.4,10,0,2) (-5,-4.40001,0,2)
33 (5.16658,16.8766,-0.289364,1) (52.3,34.4,0,1) (34.508,6.8527,0,1) (-3.49548,36.3276,0,1) (-32,34.4,0,1) (-11.5879,9.62901,0,1) (-16.7418,-1.27648,0,1) (-5.26893,-19.8534,0,1) (3.40699,5.2902,2.30309,1) (24.2,-20,0,1) (6.42213,-7.47314,0,1) (52.3,7.2,0,1) (-12.0166,27.8176,0,2) (-23.6,10,0,2) (-5,-3.60001,0,2)
34 (4.24991,17.513,-0.369768,1) (52.3,34.4,0,1) (35.0603,6.01908,0,1) (-3.50098,36.3261,0,1) (-32,34.4,0,1) (-10.7602,9.68609,0,1) (-16.9458,-1.40981,0,1) (-4.27554,-19.9682,0,1) (3.94231,5.75861,2.3161,1) (24.2,-20,0,1) (6.09081,-7.55135,0,1) (52.3,7.2,0,1) (-12.0166,27.8176,0,2) (-22.8,10,0,2) (-5,-2.80001,0,2)
35 (3.26472,18.0004,-0.418403,1) (52.3,34.4,0,1) (35.6127,5.18546,0,1) (-3.50653,36.3255,0,1) (-32,34.4,0,1) (-9.95561,10.0841,0,1) (-17.07,-1.52466,0,1) (-4,-20,0,1) (4.53387,6.37481,2.29635,1) (24.2,-20,0,1) (5.67173,-7.64441,0,1) (52.3,7.2,0,1) (-12.0166,27.8176,0,2) (-22,10,0,2) (-5,-2.00001,0,2)
36 (2.27027,18.4388,-0.456009,1) (52.3,34.4,0,1) (36.165,4.35184,0,1) (-3.51227,36.3258,0,1) (-32,34.4,0,1) (-9.19013,10.6771,0,1) (-17.0989,-1.62297,0,1) (-4,-20,0,1) (5.12852,7.03903,2.26522,1) (24.2,-20,0,1) (5.15897,-7.73783,0,1) (52.3,7.2,0,1) (-12.0166,27.8176,0,2) (-21.2,10,0,2) (-5,-1.20001,0,2)
37 (1.57051,19.2381,-0.497887,1) (52.3,34.4,0,1) (36.7174,3.51822,0,1) (-3.51837,36.3271,0,1) (-32,34.4,0,1) (-8.60914,11.2089,1.83837,1) (-17.0396,-1.70782,0,1) (-4,-20,0,1) (5.70731,7.8556,2.19874,1) (24.2,-20,0,1) (4.54954,-7.81439,0,1) (52.3,7.2,0,1) (-12.0166,27.8176,0,2) (-20.4,10,0,2) (-5,-0.40001,0,2)
38 (0.763485,19.6784,-0.649888,1) (52.3,34.4,0,1) (37.2697,2.6846,0,1) (-3.52501,36.3294,0,1) (-32,34.4,0,1) (-8.03308,11.7572,3.24063,1) (-16.9028,-1.78174,0,1) (-4.00335,-20.0156,0,1) (6.27762,8.67423,2.13093,1) (24.2,-20,0,1) (3.84569,-7.85434,0,1) (52.3,7.2,0,1) (-12.0166,27.8176,0,2) (-19.6,10,0,2) (-5,0.39999,0,2)
39 (-0.0396628,20.1128,-0.80369,1) (52.3,34.4,0,1) (37.822,1.85098,0,1) (-3.53241,36.333,0,1) (-32,34.4,0,1) (-7.59889,12.2362,4.41209,1) (-16.6971,-1.84647,0,1) (-4.00242,-20.0341,0,1) (6.84794,9.49285,2.06312,1) (24.2,-20,0,1) (3.05148,-7.84091,0,1) (52.3,7.2,0,1) (-12.0166,27.8176,0,2) (-18.8,10,0,2) (-5,1.19999,0,2)
40 (-0.650423,20.3074,-1.05579,1) (52.3,34.4,0,1) (38.3744,1.01736,0,1) (-3.54082,36.338,0,1) (-32,34.4,0,1) (-7.32247,12.6059,5.46902,1) (-16.4273,-1.90294,0,1) (-3.9993,-20.026,0,1) (7.41825,10.3115,1.99531,1) (24.2,-20,0,1) (2.17849,-7.75623,0,1) (52.3,7.2,0,1) (-12.0166,27.8176,0,2) (-18,10,0,2) (-5,1.99999,0,2)
41 (-1.25639,20.2407,-1.31374,1) (52.3,34.4,0,1) (38.9267,0.183737,0,1) (-3.55055,36.3447,0,1) (-32,34.4,0,1) (-7.21506,12.8002,6.52123,1) (-16.0942,-1.95117,0,1) (-4,-20,0,1) (7.98856,11.1301,1.9275,1) (24.2,-20,0,1) (1.24094,-7.58625,0,1) (52.3,7.2,0,1) (-12.0166,27.8176,0,2) (-17.2,10,0,2) (-5,2.79999,0,2)
42 (-1.9083,19.9983,-1.50021,1) (52.3,34.4,0,1) (39.479,-0.649883,0,1) (-3.56196,36.3533,0,1) (-32,34.4,0,1) (-7.24192,12.8218,7.5557,1) (-15.7063,-1.98836,0,1) (-4,-20,0,1) (8.55887,11.9487,1.85969,1) (24.2,-20,0,1) (0.268876,-7.35155,0,1) (52.3,7.2,0,1) (-12.0166,27.8176,0,2) (-16.4,10,0,2) (-5,3.59999,0,2)
43 (-2.54013,19.697,-1.63159,1) (52.3,34.4,0,1) (40.0314,-1.4835,0,1) (-3.57548,36.3642,0,1) (-32,34.4,0,1) (-7.36862,12.6759,8.54728,1) (-15.3802,-2.01241,0,1) (-4,-20,0,1) (9.12918,12.7674,1.79189,1) (24.2,-20,0,1) (-0.703192,-7.11685,0,1) (52.3,7.2,0,1) (-12.0166,27.8176,0,2) (-15.6,10,0,2) (-5,4.39999,0,2)
44 (-3.14993,19.3727,-1.7413,1) (52.3,34.4,0,1) (40.5837,-2.31712,0,1) (-3.59166,36.378,0,1) (-32,34.4,0,1) (-7.56616,12.3583,9.46835,1) (-15.1113,-2.0154,0,1) (-4,-20,0,1) (9.69949,13.586,1.72408,1) (24.2,-20,0,1) (-1.67526,-6.88215,0,1) (52.3,7.2,0,1) (-12.0166,27.8176,0,2) (-14.8,10,0,2) (-5,5.19999,0,2)
45 (-3.66533,19.228,-2.46913,1) (52.3,34.4,0,1) (41.1361,-3.15074,0,1) (-3.61114,36.3951,0,1) (-32,34.4,0,1) (-7.80545,11.8648,10.2838,1) (-15.515,-1.93907,0,1) (-4,-20,0,1) (10.2698,14.4046,1.65627,1) (24.2,-20,0,1) (-1.94469,-6.70394,0,1) (52.3,7.2,0,1) (-12.0166,27.8176,0,2) (-14,10,0,2) (-5,5.99999,0,2)
46 (-4.0665,19.2451,-3.2447,1) (52.3,34.4,0,1) (41.6884,-3.98436,0,1) (-3.63472,36.4161,0,1) (-32,34.4,0,1) (-8.04951,11.2045,10.9533,1) (-15.7327,-1.81561,0,1) (-4,-20,0,1) (10.8401,15.2232,1.58846,1) (24.2,-20,0,1) (-2.40664,-6.59928,0,1) (52.3,7.2,0,1) (-12.0166,27.8176,0,2) (-13.2,10,0,2) (-5,6.79999,0,2)
47 (-4.43426,19.3515,-4.05101,1) (52.3,34.4,0,1) (42.2407,-4.81798,0,1) (-3.6634,36.442,0,1) (-32,34.4,0,1) (-8.39224,10.4566,11.4857,1) (-15.9078,-1.59463,0,1) (-4,-20,0,1) (11.4104,16.0418,1.52065,1) (24.2,-20,0,1) (-2.90667,-6.58208,0,1) (52.3,7.2,0,1) (-12.0166,27.8176,0,2) (-12.4,10,0,2) (-5,7.59999,0,2)
48 (-4.79744,19.5159,-4.87655,1) (52.3,34.4,0,1) (42.7931,-5.6516,0,1) (-3.6984,36.4737,0,1) (-32,34.4,0,1) (-8.85118,9.66576,11.8636,1) (-16.0206,-1.2887,0,1) (-4,-20,0,1) (11.9807,16.8605,1.45284,1) (24.2,-20,0,1) (-3.46561,-6.64505,0,1) (52.3,7.2,0,1) (-12.0166,27.8176,0,2) (-11.6,10,0,2) (-5,8.39999,0,2)
49 (-5.17915,19.726,-5.71343,1) (52.3,34.4,0,1) (43.3454,-6.48522,0,1) (-3.73347,36.5055,0,1) (-32,34.4,0,1) (-9.39885,8.85567,12.0605,1) (-16.0546,-0.921521,0,1) (-4,-20,0,1) (12.5511,17.6791,1.38503,1) (24.2,-20,0,1) (-4.10866,-6.77406,0,1) (52.3,7.2,0,1) (-12.0166,27.8176,0,2) (-10.8,10,0,2) (-5,9.19999,0,2)
50 (-5.64494,19.9698,-6.57014,1) (52.3,34.4,0,1) (43.8977,-7.31884,0,1) (-3.76805,36.5368,0,1) (-32,34.4,0,1) (-9.99722,8.05085,12.0548,1) (-16.0654,-0.474685,0,1) (-4,-20,0,1) (13.1214,18.4977,1.31722,1) (24.2,-20,0,1) (-4.77576,-6.91477,0,1) (52.3,7.2,0,1) (-12.0166,27.8176,0,2) (-10,10,0,2) (-5,9.99999,0,2)
51 (-6.25217,20.1975,-7.39208,1) (52.3,34.4,0,1) (44.4501,-8.15246,0,1) (-3.80217,36.5678,0,1) (-32,34.4,0,1) (-10.5993,7.2787,11.838,1) (-16.0621,0.049952,0,1) (-4,-20,0,1) (13.6917,19.3163,1.24942,1) (24.2,-20,0,1) (-5.46324,-7.03111,0,1) (52.3,7.2,0,1) (-12.0166,27.8176,0,2) (-9.20003,10,0,2) (-5,10.8,0,2)
52 (-6.97596,20.3744,-8.10154,1) (52.3,34.4,0,1) (45.0024,-8.98608,0,1) (-3.83583,36.5983,0,1) (-32,34.4,0,1) (-11.1493,6.51855,11.7231,1) (-16.0515,0.657784,-0.104548,1) (-4,-20,0,1) (14.262,20.135,1.18161,1) (24.2,-20,0,1) (-6.18594,-7.10905,0,1) (52.3,7.2,0,1) (-12.0166,27.8176,0,2) (-8.40003,10,0,2) (-5,11.6,0,2)
53 (-7.80678,20.4599,-8.65381,1) (52.3,34.4,0,1) (45.5548,-9.8197,0,1) (-3.86905,36.6284,0,1) (-32,34.4,0,1) (-11.6951,5.75876,11.6073,1) (-16.0105,1.33684,-0.208596,1) (-4,-20,0,1) (14.8323,20.9536,1.1138,1) (24.2,-20,0,1) (-6.95921,-7.13047,0.0132805,1) (52.3,7.2,0,1) (-12.0166,27.8176,0,2) (-7.60003,10,0,2) (-5,12.4,0,2)
54 (-8.68323,20.471,-9.04119,1) (52.3,34.4,0,1) (46.1071,-10.6533,0,1) (-3.90184,36.6582,0,1) (-32,34.4,0,1) (-12.2395,5.00064,11.4914,1) (-15.9269,2.08825,-0.314414,1) (-4,-20,0,1) (15.4026,21.7722,1.04599,1) (24.2,-20,0,1) (-7.78418,-7.09041,0.0248763,1) (52.3,7.2,0,1) (-12.0166,27.8176,0,2) (-6.80003,10,0,2) (-5,13.2,0,2)
55 (-9.56136,20.4257,-9.27667,1) (52.3,34.4,0,1) (46.6594,-11.4869,0,1) (-3.93419,36.6875,0,1) (-32,34.4,0,1) (-12.7833,4.24471,11.3756,1) (-15.7855,2.90921,-0.424856,1) (-4,-20,0,1) (15.9729,22.5908,0.978181,1) (24.2,-20,0,1) (-8.66262,-6.97869,0.0329435,1) (52.3,7.2,0,1) (-12.0166,27.8176,0,2) (-6.00003,10,0,2) (-5,14,0,2)
56 (-10.4802,20.4211,-9.44971,1) (52.3,34.4,0,1) (47.2118,-12.3206,0,1) (-3.96613,36.7165,0,1) (-32,34.4,0,1) (-13.3269,3.49128,11.2599,1) (-15.5718,3.79169,-0.542832,1) (-4,-20,0,1) (16.5432,23.4095,0.910372,1) (24.2,-20,0,1) (-9.59497,-6.77853,0.0362796,1) (52.3,7.2,0,1) (-12.0166,27.8176,0,2) (-5.20003,10,0,2) (-5,14.8,0,2)
57 (-11.4265,20.4606,-9.56846,1) (52.3,34.4,0,1) (47.7641,-13.1542,0,1) (-3.99962,36.7468,0,1) (-32,34.4,0,1) (-13.8703,2.74044,11.1441,1) (-15.2745,4.72359,-0.670784,1) (-4,-20,0,1) (17.1135,24.2281,0.842563,1) (24.2,-20,0,1) (-10.5586,-6.51129,0.0355861,1) (52.3,7.2,0,1) (-12.0166,27.8176,0,2) (-4.40003,10,0,2) (-5,15.6,0,2)
58 (-12.3925,20.544,-9.63313,1) (52.3,34.4,0,1) (48.3164,-13.9878,0,1) (-4.03763,36.7809,0,1) (-32,34.4,0,1) (-14.4502,2.04695,11.1326,1) (-14.9503,5.61789,-0.657883,1) (-4,-20,0,1) (17.6839,25.0467,0.774755,1) (24.2,-20,0,1) (-11.5229,-6.25558,-0.0740079,1) (52.3,7.2,0,1) (-12.0166,27.8176,0,2) (-3.60003,10,0,2) (-5,16.4,0,2)
59 (-13.3705,20.6724,-9.6407,1) (52.3,34.4,0,1) (48.8688,-14.8214,0,1) (-4.07959,36.8181,0,1) (-32,34.4,0,1) (-15.0311,1.35533,11.1208,1) (-14.6258,6.50685,-0.638969,1) (-4,-20,0,1) (18.2542,25.8653,0.706946,1) (24.2,-20,0,1) (-12.486,-5.99938,-0.183591,1) (52.3,7.2,0,1) (-12.0166,27.8176,0,2) (-2.80003,10,0,2) (-5,17.2,0,2)
60 (-14.351,20.8479,-9.58678,1) (52.3,34.4,0,1) (49.4211,-15.655,0,1) (-4.12541,36.8584,0,1) (-32,34.4,0,1) (-15.6092,0.667253,11.1087,1) (-14.3079,7.3826,-0.620252,1) (-4,-20,0,1) (18.8245,26.684,0.639137,1) (24.2,-20,0,1) (-13.4488,-5.74316,-0.293174,1) (52.3,7.2,0,1) (-12.0166,27.8176,0,2) (-2.00003,10,0,2) (-5,18,0,2)
61 (-15.3215,21.0714,-9.46796,1) (52.3,34.4,0,1) (49.9735,-16.4887,0,1) (-4.17514,36.9016,0,1) (-32,34.4,0,1) (-16.1832,-0.0166104,11.0962,1) (-13.9985,8.24111,-0.602127,1) (-4,-20,0,1) (19.3948,27.5026,0.571329,1) (24.2,-20,0,1) (-14.4119,-5.48705,-0.402744,1) (52.3,7.2,0,1) (-12.0166,27.8176,0,2) (-1.20003,10,0,2) (-5,18.8,0,2)
62 (-16.268,21.3414,-9.28367,1) (52.3,34.4,0,1) (50.5258,-17.3223,0,1) (-4.22898,36.9479,0,1) (-32,34.4,0,1) (-16.7527,-0.695859,11.0832,1) (-13.6972,9.08105,-0.584595,1) (-4,-20,0,1) (19.9651,28.3212,0.50352,1) (24.2,-20,0,1) (-15.3751,-5.23108,-0.512297,1) (52.3,7.2,0,1) (-12.0166,27.8176,0,2) (-0.400029,10,0,2) (-5,19.6,0,2)
63 (-17.207,21.6217,-9.08434,1) (52.3,34.4,0,1) (51.0781,-18.1559,0,1) (-4.28728,36.9973,0,1) (-32,34.4,0,1) (-17.3175,-1.37017,11.0697,1) (-13.4026,9.90261,-0.567571,1) (-4,-20,0,1) (20.5354,29.1398,0.435712,1) (24.2,-20,0,1) (-16.3384,-4.97524,-0.62183,1) (52.3,7.2,0,1) (-12.0166,27.8176,0,2) (0.399971,10,0,2) (-5,20.4,0,2)
64 (-18.146,21.9021,-8.88501,1) (52.3,34.4,0,1) (51.6305,-18.9895,0,1) (-4.35043,37.0502,0,1) (-32,34.4,0,1) (-17.8773,-2.03921,11.0557,1) (-13.1129,10.7068,-0.550938,1) (-4,-20,0,1) (21.1057,29.9585,0.367903,1) (24.2,-20,0,1) (-17.3019,-4.71953,-0.731346,1) (52.3,7.2,0,1) (-12.0166,27.8176,0,2) (1.19997,10,0,2) (-5,21.2,0,2)
65 (-19.0849,22.1825,-8.68568,1) (52.3,34.4,0,1) (52.1828,-19.8231,0,1) (-4.41892,37.1068,0,1) (-32,34.4,0,1) (-18.432,-2.70264,11.041,1) (-12.8263,11.495,-0.534572,1) (-4,-20,0,1) (21.676,30.7771,0.300094,1) (24.2,-20,0,1) (-18.2655,-4.46391,-0.840848,1) (52.3,7.2,0,1) (-12.0166,27.8176,0,2) (1.99997,10,0,2) (-5,22,0,2)
66 (-20.0239,22.4629,-8.48636,1) (52.3,34.4,0,1) (52.3,-20,0,1) (-4.49322,37.1672,0,1) (-32,34.4,0,1) (-18.9815,-3.36012,11.0256,1) (-12.541,12.269,-0.51835,1) (-4,-20,0,1) (22.2463,31.5957,0.232286,1) (24.2,-20,0,1) (-19.229,-4.20837,-0.950336,1) (52.3,7.2,0,1) (-12.0166,27.8176,0,2) (2.79997,10,0,2) (-5,22.8,0,2)
67 (-20.9629,22.7433,-8.28703,1) (52.3,34.4,0,1) (52.3,-20,0,1) (-4.87462,37.4685,0,1) (-32,34.4,0,1) (-19.5129,-4.04346,10.9726,1) (-12.2555,13.0303,-0.502159,1) (-4,-20,0,1) (22.8166,32.4143,0.164477,1) (24.2,-20,0,1) (-20.1952,-3.9424,-1.02215,1) (52.3,7.2,0,1) (-12.0166,27.8176,0,2) (3.59997,10,0,2) (-5,23.6,0,2)
68 (-21.9018,23.0236,-8.0877,1) (52.3,34.4,0,1) (52.3,-20,0,1) (-5.38956,37.8434,0,1) (-32,34.4,0,1) (-20.0263,-4.75567,10.8651,1) (-11.7743,13.6314,-0.495967,1) (-4,-20,0,1) (23.387,33.233,0.0966684,1) (24.2,-20,0,1) (-21.1613,-3.67053,-1.04204,1) (52.3,7.2,0,1) (-12.0166,27.8176,0,2) (4.39997,10,0,2) (-5,24.4,0,2)
69 (-22.8408,23.304,-7.88837,1) (52.3,34.4,0,1) (52.3,-20,0,1) (-6.0017,38.2383,0,1) (-32,34.4,0,1) (-20.5275,-5.48467,10.7086,1) (-11.1753,14.1657,-0.494953,1) (-4,-20,0,1) (23.9573,34.0516,0.0288598,1) (24.2,-20,0,1) (-22.1241,-3.40096,-1.01721,1) (52.3,7.2,0,1) (-12.0166,27.8176,0,2) (5.19997,10,0,2) (-5,25.2,0,2)
70 (-23.7798,23.5844,-7.68904,1) (52.3,34.4,0,1) (52.3,-20,0,1) (-6.70339,38.6271,0,1) (-32,34.4,0,1) (-21.0195,-6.22736,10.4878,1) (-10.5462,14.6412,-0.496558,1) (-4,-20,0,1) (24.2,34.4,0,1) (24.2,-20,0,1) (-23.0868,-3.13152,-0.99136,1) (52.3,7.2,0,1) (-12.0166,27.8176,0,2) (5.99997,10,0,2) (-5,26,0,2)
71 (-24.7187,23.8648,-7.48971,1) (52.3,34.4,0,1) (52.3,-20,0,1) (-7.49606,38.9932,0,1) (-32,34.4,0,1) (-21.5155,-6.96395,10.1469,1) (-9.91422,15.0746,-0.499582,1) (-4,-20,0,1) (24.2,34.4,0,1) (24.2,-20,0,1) (-24.0494,-2.86208,-0.965506,1) (52.3,7.2,0,1) (-12.0166,27.8176,0,2) (6.79997,10,0,2) (-5,26.8,0,2)
72 (-25.6712,24.0507,-7.35755,1) (52.3,34.4,0,1) (52.3,-20,0,1) (-8.38902,39.3237,0,1) (-31.9865,34.4945,0.0671684,1) (-22.0347,-7.65899,9.68302,1) (-9.28794,15.4793,-0.503389,1) (-4,-20,0,1) (24.2,34.4,0,1) (24.2,-20,0,1) (-25.0121,-2.59264,-0.939652,1) (52.3,7.2,0,1) (-12.0166,27.8176,0,2) (7.59997,10,0,2) (-5,27.6,0,2)
73 (-26.6229,24.2365,-7.22544,1) (52.3,34.4,0,1) (52.3,-20,0,1) (-9.40226,39.605,0,1) (-31.9731,34.589,0.134337,1) (-22.5709,-8.32305,9.16199,1) (-8.67232,15.8627,-0.507612,1) (-4,-20,0,1) (24.2,34.4,0,1) (24.2,-20,0,1) (-25.9748,-2.3232,-0.913798,1) (52.3,7.2,0,1) (-12.0166,27.8176,0,2) (8.39997,10,0,2) (-5,28.4,0,2)
74 (-27.5738,24.4223,-7.09338,1) (52.3,34.4,0,1) (52.3,-20,0,1) (-10.5364,39.8389,0,1) (-31.9596,34.6834,0.201505,1) (-23.1072,-8.98711,8.64095,1) (-8.07045,16.2288,-0.512037,1) (-4,-20,0,1) (24.2,34.4,0,1) (24.2,-20,0,1) (-26.9375,-2.05377,-0.887944,1) (52.3,7.2,0,1) (-12.0166,27.8176,0,2) (9.19997,10,0,2) (-5,29.2,0,2)
75 (-28.5239,24.6079,-6.96138,1) (52.3,34.4,0,1) (52.3,-20,0,1) (-11.7651,39.9615,0,1) (-31.9462,34.7779,0.268674,1) (-23.6434,-9.65118,8.11991,1) (-7.48443,16.5798,-0.516534,1) (-4,-20,0,1) (24.2,34.4,0,1) (24.2,-20,0,1) (-27.9001,-1.78433,-0.86209,1) (52.3,7.2,0,1) (-12.0166,27.8176,0,2) (9.99997,10,0,2) (-5,30,0,2)
76 (-29.4731,24.7935,-6.82943,1) (52.3,34.4,0,1) (52.3,-20,0,1) (-12.9743,39.9421,0,1) (-31.9327,34.8724,0.335841,1) (-24.1796,-10.3152,7.59887,1) (-6.91588,16.9164,-0.521028,1) (-4,-20,0,1) (24.2,34.4,0,1) (24.2,-20,0,1) (-28.8628,-1.51489,-0.836236,1) (52.3,7.2,0,1) (-12.0166,27.8176,0,2) (10.8,10,0,2) (-5,30.8,0,2)
77 (-30.4214,24.979,-6.69755,1) (52.3,34.4,0,1) (52.3,-20,0,1) (-14.0113,39.8255,0,1) (-31.9192,34.9669,0.40301,1) (-24.7158,-10.9793,7.07783,1) (-6.36635,17.2388,-0.525477,1) (-4,-20,0,1) (24.2,34.4,0,1) (24.2,-20,0,1) (-29.8255,-1.24545,-0.810382,1) (52.3,7.2,0,1) (-12.0166,27.8176,0,2) (11.6,10,0,2) (-5,31.6,0,2)
78 (-31.3686,25.1645,-6.56574,1) (52.3,34.4,0,1) (52.3,-20,0,1) (-14.8483,39.657,0,1) (-31.9058,35.0614,0.470178,1) (-25.2521,-11.6434,6.5568,1) (-5.83913,17.5442,-0.529882,1) (-4,-20,0,1) (24.2,34.4,0,1) (24.2,-20,0,1) (-30.7881,-0.976011,-0.784528,1) (52.3,7.2,0,1) (-12.0166,27.8176,0,2) (12.4,10,0,2) (-5,32.4,0,2)
79 (-32.3148,25.3498,-6.434,1) (52.3,34.4,0,1) (52.3,-20,0,1) (-15.6809,39.3958,0,1) (-31.8923,35.1558,0.537346,1) (-25.7883,-12.3074,6.03576,1) (-5.2885,17.8803,-0.533886,1) (-4,-20,0,1) (24.2,34.4,0,1) (24.2,-20,0,1) (-31.7508,-0.706572,-0.758674,1) (52.3,7.2,0,1) (-12.0166,27.8176,0,2) (13.2,10,0,2) (-5,33.2,0,2)
80 (-33.2598,25.535,-6.30234,1) (52.3,34.4,0,1) (52.3,-20,0,1) (-16.5102,39.0602,0,1) (-31.8788,35.2503,0.604515,1) (-26.3245,-12.9715,5.51472,1) (-4.74312,18.2499,-0.536587,1) (-4,-20,0,1) (24.2,34.4,0,1) (24.2,-20,0,1) (-32.7135,-0.437134,-0.73282,1) (52.3,7.2,0,1) (-12.0166,27.8176,0,2) (14,10,0,2) (-5,34,0,2)
81 (-34.2035,25.7199,-6.17084,1) (52.3,34.4,0,1) (52.3,-20,0,1) (-17.3329,38.6623,0,1) (-31.8653,35.3449,0.67175,1) (-26.8607,-13.6356,4.99368,1) (-4.19484,18.677,-0.537384,1) (-4,-20,0,1) (24.2,34.4,0,1) (24.2,-20,0,1) (-33.6762,-0.167695,-0.706966,1) (52.3,7.2,0,1) (-12.0166,27.8176,0,2) (14.8,10,0,2) (-5,34.8,0,2)
82 (-35.1488,25.9704,-5.99278,1) (52.3,34.4,0,1) (52.3,-20,0,1) (-17.8561,38.3917,-0.107005,1) (-32.1404,35.4342,0.749361,1) (-27.397,-14.2996,4.47264,1) (-3.65697,19.1576,-0.53604,1) (-4,-20,0,1) (24.2,34.4,0,1) (24.2,-20,0,1) (-34.6388,0.101744,-0.681112,1) (52.3,7.2,0,1) (-12.0166,27.8176,0,2) (15.6,10,0,2) (-5,35.6,0,2)
83 (-36.0938,26.2208,-5.81486,1) (52.3,34.4,0,1) (52.3,-20,0,1) (-18.3898,38.0611,-0.217138,1) (-32.3974,35.4722,0.890162,1) (-27.9332,-14.9637,3.95161,1) (-3.13721,19.6876,-0.532475,1) (-4,-20,0,1) (24.2,34.4,0,1) (24.2,-20,0,1) (-35.6015,0.371182,-0.655258,1) (52.3,7.2,0,1) (-12.0166,27.8176,0,2) (16.4,10,0,2) (-5,36.4,0,2)
84 (-37.035,26.4943,-5.6214,1) (52.3,34.4,0,1) (52.3,-20,0,1) (-18.9334,37.6768,-0.364732,1) (-32.6645,35.4774,1.03262,1) (-28.4694,-15.6277,3.43057,1) (-2.64077,20.2639,-0.526649,1) (-4,-20,0,1) (24.2,34.4,0,1) (24.2,-20,0,1) (-36.5642,0.640621,-0.629404,1) (52.3,7.2,0,1) (-12.0166,27.8176,0,2) (17.2,10,0,2) (-5,37.2,0,2)
85 (-37.972,26.7809,-5.4187,1) (52.3,34.4,0,1) (52.3,-20,0,1) (-19.491,37.2373,-0.540291,1) (-32.9441,35.4794,1.15833,1) (-29.0057,-16.2918,2.90953,1) (-2.17195,20.8844,-0.518518,1) (-4,-20,0,1) (24.2,34.4,0,1) (24.2,-20,0,1) (-37.5268,0.91006,-0.603551,1) (52.3,7.2,0,1) (-12.0166,27.8176,0,2) (18,10,0,2) (-5,38,0,2)
86 (-38.8997,27.088,-5.20089,1) (52.3,34.4,0,1) (52.3,-20,0,1) (-20.0701,36.7306,-0.731022,1) (-33.2426,35.4875,1.24218,1) (-29.5419,-16.9559,2.38849,1) (-1.73501,21.5475,-0.50801,1) (-4,-20,0,1) (24.2,34.4,0,1) (24.2,-20,0,1) (-38.4895,1.1795,-0.577697,1) (52.3,7.2,0,1) (-12.0166,27.8176,0,2) (18.8,10,0,2) (-5,38.8,0,2)
87 (-39.8205,27.4061,-4.97469,1) (52.3,34.4,0,1) (52.3,-20,0,1) (-20.6678,36.1456,-0.901809,1) (-33.5544,35.5311,1.26341,1) (-30.0781,-17.6199,1.86745,1) (-1.33449,22.2519,-0.495042,1) (-4,-20,0,1) (24.2,34.4,0,1) (24.2,-20,0,1) (-39.4522,1.44894,-0.551843,1) (52.3,7.2,0,1) (-12.0166,27.8176,0,2) (19.6,10,0,2) (-5,39.6,0,2)
88 (-40.7408,27.725,-4.74783,1) (52.3,34.4,0,1) (52.3,-20,0,1) (-21.2801,35.4667,-1.00137,1) (-33.8773,35.6066,1.20463,1) (-30.6143,-18.284,1.34642,1) (-0.975325,22.9959,-0.479535,1) (-4,-20,0,1) (24.2,34.4,0,1) (24.2,-20,0,1) (-40.4148,1.71838,-0.525989,1) (52.3,7.2,0,1) (-12.0166,27.8176,0,2) (20.4,10,0,2) (-5,40.4,0,2)
89 (-41.661,28.044,-4.52098,1) (52.3,34.4,0,1) (52.3,-20,0,1) (-21.8973,34.6772,-0.991609,1) (-34.2114,35.6854,1.06243,1) (-31.1506,-18.9481,0.825377,1) (-0.662553,23.7771,-0.46143,1) (-4,-20,0,1) (24.2,34.4,0,1) (24.2,-20,0,1) (-41.3775,1.98781,-0.500135,1) (52.3,7.2,0,1) (-12.0166,27.8176,0,2) (21.2,10,0,2) (-5,41.2,0,2)
90 (-42.5812,28.3629,-4.29412,1) (52.3,34.4,0,1) (52.3,-20,0,1) (-22.469,33.8569,-0.976731,1) (-34.5504,35.7252,0.862529,1) (-31.6868,-19.6121,0.304339,1) (-0.401115,24.592,-0.440703,1) (-4,-20,0,1) (24.2,34.4,0,1) (24.2,-20,0,1) (-42.3402,2.25725,-0.474281,1) (52.3,7.2,0,1) (-12.0166,27.8176,0,2) (22,10,0,2) (-5,42,0,2)
91 (-43.5015,28.6818,-4.06726,1) (52.3,34.4,0,1) (52.3,-20,0,1) (-23.0407,33.0365,-0.961853,1) (-34.8408,35.7541,0.689831,1) (-32,-20,0,1) (-0.195604,25.4364,-0.417372,1) (-4,-20,0,1) (24.2,34.4,0,1) (24.2,-20,0,1) (-43.3029,2.52669,-0.448427,1) (52.3,7.2,0,1) (-12.0166,27.8176,0,2) (22.8,10,0,2) (-5,42.8,0,2)
92 (-44.4217,29.0008,-3.84041,1) (52.3,34.4,0,1) (52.3,-20,0,1) (-23.6124,32.2162,-0.946976,1) (-35.0699,35.8221,0.593493,1) (-32,-20,0,1) (-0.0501064,26.3054,-0.391493,1) (-4,-20,0,1) (24.2,34.4,0,1) (24.2,-20,0,1) (-44.2655,2.79613,-0.422573,1) (52.3,7.2,0,1) (-12.0166,27.8176,0,2) (23.6,10,0,2) (-5,43.6,0,2)
93 (-45.3419,29.3197,-3.61355,1) (52.3,34.4,0,1) (52.3,-20,0,1) (-24.184,31.3958,-0.932098,1) (-35.2501,35.9135,0.554155,1) (-32,-20,0,1) (0.0319235,27.1931,-0.363165,1) (-4,-20,0,1) (24.2,34.4,0,1) (24.2,-20,0,1) (-45.2282,3.06557,-0.396719,1) (52.3,7.2,0,1) (-12.0166,27.8176,0,2) (24.4,10,0,2) (-5,44.4,0,2)
94 (-46.2621,29.6387,-3.38669,1) (52.3,34.4,0,1) (52.3,-20,0,1) (-24.7557,30.5755,-0.917221,1) (-35.3824,36.0241,0.539333,1) (-32,-20,0,1) (0.0477648,28.0932,-0.332533,1) (-4,-20,0,1) (24.2,34.4,0,1) (24.2,-20,0,1) (-46.1909,3.33501,-0.370865,1) (52.3,7.2,0,1) (-12.0166,27.8176,0,2) (25.2,10,0,2) (-5,45.2,0,2)
95 (-47.1824,29.9576,-3.15984,1) (52.3,34.4,0,1) (52.3,-20,0,1) (-25.3274,29.7551,-0.902343,1) (-35.433,36.1682,0.528647,1) (-32,-20,0,1) (-0.00444177,28.9987,-0.299785,1) (-4,-20,0,1) (24.2,34.4,0,1) (24.2,-20,0,1) (-47.1535,3.60445,-0.345011,1) (52.3,7.2,0,1) (-12.0166,27.8176,0,2) (26,10,0,2) (-5,46,0,2)
96 (-48.1026,30.2765,-2.93298,1) (52.3,34.4,0,1) (52.3,-20,0,1) (-25.899,28.9348,-0.887466,1) (-35.353,36.337,0.510666,1) (-32,-20,0,1) (-0.125519,29.902,-0.265163,1) (-4,-20,0,1) (24.2,34.4,0,1) (24.2,-20,0,1) (-48.1162,3.87388,-0.319157,1) (52.3,7.2,0,1) (-12.0166,27.8176,0,2) (26.8,10,0,2) (-5,46.8,0,2)
97 (-49.0228,30.5955,-2.70612,1) (52.3,34.4,0,1) (52.3,-20,0,1) (-26.4707,28.1144,-0.872588,1) (-35.1336,36.4806,0.480323,1) (-32,-20,0,1) (-0.314978,30.7945,-0.228973,1) (-4,-20,0,1) (24.2,34.4,0,1) (24.2,-20,0,1) (-49.0789,4.14332,-0.293303,1) (52.3,7.2,0,1) (-12.0166,27.8176,0,2) (27.6,10,0,2) (-5,47.6,0,2)
98 (-49.943,30.9144,-2.47927,1) (52.3,34.4,0,1) (52.3,-20,0,1) (-27.0424,27.2941,-0.85771,1) (-34.7903,36.5519,0.436054,1) (-32,-20,0,1) (-0.570528,31.6667,-0.191614,1) (-4,-20,0,1) (24.2,34.4,0,1) (24.2,-20,0,1) (-50.0415,4.41276,-0.267449,1) (52.3,7.2,0,1) (-12.0166,27.8176,0,2) (28.4,10,0,2) (-5,48.4,0,2)
99 (-50.8633,31.2333,-2.25241,1) (52.3,34.4,0,1) (52.3,-20,0,1) (-27.6141,26.4738,-0.842833,1) (-34.3499,36.5174,0.378421,1) (-32,-20,0,1) (-0.887097,32.5068,-0.15363,1) (-4,-20,0,1) (24.2,34.4,0,1) (24.2,-20,0,1) (-51.0042,4.6822,-0.241595,1) (52.3,7.2,0,1) (-12.0166,27.8176,0,2) (29.2,10,0,2) (-5,49.2,0,2)
100 (-51.7835,31.5523,-2.02556,1) (52.3,34.4,0,1) (52.3,-20,0,1) (-28.1857,25.6534,-0.827955,1) (-33.8441,36.3573,0.309345,1) (-32,-20,0,1) (-1.25472,33.2993,-0.115842,1) (-4,-20,0,1) (24.2,34.4,0,1) (24.2,-20,0,1) (-51.9669,4.95164,-0.215741,1) (52.3,7.2,0,1) (-12.0166,27.8176,0,2) (30,10,0,2) (-5,50,0,2)
101 (-52.7037,31.8712,-1.7987,1) (52.3,34.4,0,1) (52.3,-20,0,1) (-28.7574,24.8331,-0.813078,1) (-33.3064,36.0626,0.23163,1) (-32,-20,0,1) (-1.65384,34.0209,-0.0796079,1) (-4,-20,0,1) (24.2,34.4,0,1) (24.2,-20,0,1) (-52.9295,5.22108,-0.189887,1) (52.3,7.2,0,1) (-12.0166,27.8176,0,2) (30.8,10,0,2) (-5,50.8,0,2)
102 (-53.624,32.1902,-1.57184,1) (52.3,34.4,0,1) (52.3,-20,0,1) (-29.3291,24.0127,-0.7982,1) (-32.7719,35.6335,0.148769,1) (-32,-20,0,1) (-2.04666,34.6345,-0.0472848,1) (-4,-20,0,1) (24.2,34.4,0,1) (24.2,-20,0,1) (-53.8922,5.49051,-0.164034,1) (52.3,7.2,0,1) (-12.0166,27.8176,0,2) (31.6,10,0,2) (-5,51.6,0,2)
103 (-54.5442,32.5091,-1.34499,1) (52.3,34.4,0,1) (52.3,-20,0,1) (-29.9007,23.1924,-0.783323,1) (-32.2809,35.0772,0.0653277,1) (-32,-20,0,1) (-2.37309,35.0916,-0.0222471,1) (-4,-20,0,1) (24.2,34.4,0,1) (24.2,-20,0,1) (-54.8549,5.75995,-0.13818,1) (52.3,7.2,0,1) (-12.0166,27.8176,0,2) (32.4,10,0,2) (-5,52.4,0,2)
104 (-55.4644,32.828,-1.11813,1) (52.3,34.4,0,1) (52.3,-20,0,1) (-30.4724,22.372,-0.768445,1) (-32.0001,34.4036,0.000194423,1) (-32,-20,0,1) (-2.58668,35.373,-0.00647295,1) (-4,-20,0,1) (24.2,34.4,0,1) (24.2,-20,0,1) (-55.8176,6.02939,-0.112326,1) (52.3,7.2,0,1) (-12.0166,27.8176,0,2) (33.2,10,0,2) (-5,53.2,0,2)
105 (-56.3846,33.147,-0.891272,1) (52.3,34.4,0,1) (52.3,-20,0,1) (-31.0441,21.5517,-0.753568,1) (-32,34.4,0,1) (-32,-20,0,1) (-2.70344,35.5235,0.00203514,1) (-4,-20,0,1) (24.2,34.4,0,1) (24.2,-20,0,1) (-56.7802,6.29883,-0.0864717,1) (52.3,7.2,0,1) (-12.0166,27.8176,0,2) (34,10,0,2) (-5,54,0,2)
106 (-57.3049,33.4659,-0.664415,1) (52.3,34.4,0,1) (52.3,-20,0,1) (-31.6158,20.7313,-0.73869,1) (-32,34.4,0,1) (-32,-20,0,1) (-2.76431,35.6012,0.00644133,1) (-4,-20,0,1) (24.2,34.4,0,1) (24.2,-20,0,1) (-57.7429,6.56827,-0.0606178,1) (52.3,7.2,0,1) (-12.0166,27.8176,0,2) (34.8,10,0,2) (-5,54.8,0,2)
107 (-58.2251,33.7848,-0.437558,1) (52.3,34.4,0,1) (52.3,-20,0,1) (-32.1874,19.911,-0.723812,1) (-32,34.4,0,1) (-32,-20,0,1) (-2.76862,35.61,0.00686798,1) (-4,-20,0,1) (24.2,34.4,0,1) (24.2,-20,0,1) (-58.7056,6.83771,-0.0347639,1) (52.3,7.2,0,1) (-12.0166,27.8176,0,2) (35.6,10,0,2) (-5,55.6,0,2)
108 (-59.1453,34.1038,-0.210701,1) (52.3,34.4,0,1) (52.3,-20,0,1) (-32.7591,19.0906,-0.708935,1) (-32,34.4,0,1) (-32,-20,0,1) (-2.72663,35.5557,0.00380332,1) (-4,-20,0,1) (24.2,34.4,0,1) (24.2,-20,0,1) (-59.6682,7.10714,-0.00891006,1) (52.3,7.2,0,1) (-12.0166,27.8176,0,2) (36.4,10,0,2) (-5,56.4,0,2)
109 (-60,34.4,0,1) (52.3,34.4,0,1) (52.3,-20,0,1) (-33.3308,18.2703,-0.694057,1) (-32,34.4,0,1) (-32,-20,0,1) (-2.66992,35.4744,-0.000612279,1) (-4,-20,0,1) (24.2,34.4,0,1) (24.2,-20,0,1) (-60,7.2,0,1) (52.3,7.2,0,1) (-12.0166,27.8176,0,2) (37.2,10,0,2) (-5,57.2,0,2)
110 (-60,34.4,0,1) (52.3,34.4,0,1) (52.3,-20,0,1) (-33.9024,17.4499,-0.67918,1) (-32,34.4,0,1) (-32,-20,0,1) (-2.62873,35.4115,-0.00395307,1) (-4,-20,0,1) (24.2,34.4,0,1) (24.2,-20,0,1) (-60,7.2,0,1) (52.3,7.2,0,1) (-12.0166,27.8176,0,2) (38,10,0,2) (-5,58,0,2)
111 (-60,34.4,0,1) (52.3,34.4,0,1) (52.3,-20,0,1) (-34.4741,16.6296,-0.664302,1) (-32,34.4,0,1) (-32,-20,0,1) (-2.62176,35.3947,-0.00472778,1) (-4,-20,0,1) (24.2,34.4,0,1) (24.2,-20,0,1) (-60,7.2,0,1) (52.5333,7.09632,0,1) (-12.0166,27.8176,0,2) (38.8,10,0,2) (-5,58.8,0,2)
112 (-60,34.4,0,1) (52.3,34.4,0,1) (52.3,-20,0,1) (-35.0458,15.8092,-0.649425,1) (-32,34.4,0,1) (-32,-20,0,1) (-2.65043,35.4219,-0.00297728,1) (-4,-20,0,1) (24.2,34.4,0,1) (24.2,-20,0,1) (-60,7.2,0,1) (52.8943,6.90969,0,1) (-12.0166,27.8176,0,2) (39.6,10,0,2) (-5,59.6,0,2)
113 (-60,34.4,0,1) (52.3,34.4,0,1) (52.3,-20,0,1) (-35.6175,14.9889,-0.634547,1) (-32,34.4,0,1) (-32,-20,0,1) (-2.69757,35.4689,-1.83373e-05,1) (-4,-20,0,1) (24.2,34.4,0,1) (24.2,-20,0,1) (-60,7.2,0,1) (53.311,6.63722,0,1) (-12.0166,27.8176,0,2) (40.4,10,0,2) (-5,60.4,0,2)
114 (-60,34.4,0,1) (52.3,34.4,0,1) (52.3,-20,0,1) (-36.1891,14.1685,-0.61967,1) (-32,34.4,0,1) (-32,-20,0,1) (-2.73754,35.5073,0.00244256,1) (-4,-20,0,1) (24.2,34.4,0,1) (24.2,-20,0,1) (-60,7.2,0,1) (53.7229,6.26151,0,1) (-12.0166,27.8176,0,2) (41.2,10,0,2) (-5,61.2,0,2)
115 (-60,34.4,0,1) (52.3,34.4,0,1) (52.3,-20,0,1) (-36.7608,13.3482,-0.604792,1) (-32,34.4,0,1) (-32,-20,0,1) (-2.75239,35.518,0.00323317,1) (-4,-20,0,1) (24.2,34.4,0,1) (24.2,-20,0,1) (-60,7.2,0,1) (54.0981,5.79831,0,1) (-12.0166,27.8176,0,2) (42,10,0,2) (-5,62,0,2)
116 (-60,34.4,0,1) (52.3,34.4,0,1) (52.3,-20,0,1) (-37.3325,12.5279,-0.589914,1) (-32,34.4,0,1) (-32,-20,0,1) (-2.74115,35.4981,0.002227,1) (-4,-20,0,1) (24.2,34.4,0,1) (24.2,-20,0,1) (-60,7.2,0,1) (54.5422,5.39323,0,1) (-12.0166,27.8176,0,2) (42.7999,10,0,2) (-5,62.7999,0,2)
117 (-60,34.4,0,1) (52.3,34.4,0,1) (52.3,-20,0,1) (-37.9041,11.7075,-0.575037,1) (-32,34.4,0,1) (-32,-20,0,1) (-2.71646,35.461,0.000244363,1) (-4,-20,0,1) (24.2,34.4,0,1) (24.2,-20,0,1) (-60,7.2,0,1) (55.0078,4.99991,0,1) (-12.0166,27.8176,0,2) (43.5999,10,0,2) (-5,63.5999,0,2)
118 (-60,34.4,0,1) (52.3,34.4,0,1) (52.3,-20,0,1) (-38.4758,10.8872,-0.560159,1) (-32,34.4,0,1) (-32,-20,0,1) (-2.69467,35.4276,-0.00152799,1) (-4,-20,0,1) (24.2,34.4,0,1) (24.2,-20,0,1) (-60,7.2,0,1) (55.4827,4.60979,0,1) (-12.0166,27.8176,0,2) (44.3999,10,0,2) (-5,64.3999,0,2)
119 (-60,34.4,0,1) (52.3,34.4,0,1) (52.3,-20,0,1) (-39.0475,10.0668,-0.545282,1) (-32,34.4,0,1) (-32,-20,0,1) (-2.68762,35.4136,-0.0022081,1) (-4,-20,0,1) (24.2,34.4,0,1) (24.2,-20,0,1) (-60,7.2,0,1) (55.9624,4.22068,0,1) (-12.0166,27.8176,0,2) (45.1999,10,0,2) (-5,65.2,0,2)
120 (-60,34.4,0,1) (52.3,34.4,0,1) (52.3,-20,0,1) (-39.6192,9.24646,-0.530404,1) (-32,34.4,0,1) (-32,-20,0,1) (-2.69807,35.422,-0.00162506,1) (-4,-20,0,1) (24.2,34.4,0,1) (24.2,-20,0,1) (-60,7.2,0,1) (56.4449,3.83191,0,1) (-12.0166,27.8176,0,2) (45.9999,10,0,2) (-5,66,0,2)
121 (-60,34.4,0,1) (52.3,34.4,0,1) (52.3,-20,0,1) (-40.1908,8.42612,-0.515527,1) (-32,34.4,0,1) (-32,-20,0,1) (-2.71924,35.4431,-0.000293865,1) (-4,-20,0,1) (24.2,34.4,0,1) (24.2,-20,0,1) (-60,7.2,0,1) (56.929,3.4433,0,1) (-12.0166,27.8176,0,2) (46.7999,10,0,2) (-5,66.8,0,2)
122 (-60,34.4,0,1) (52.3,34.4,0,1) (52.3,-20,0,1) (-40.7625,7.60577,-0.500649,1) (-32,34.4,0,1) (-32,-20,0,1) (-2.73932,35.4631,0.000966228,1) (-4,-20,0,1) (24.2,34.4,0,1) (24.2,-20,0,1) (-60,7.2,0,1) (57.4144,3.05487,0,1) (-12.0166,27.8176,0,2) (47.5999,10,0,2) (-5,67.6,0,2)
123 (-60,34.4,0,1) (52.3,34.4,0,1) (52.3,-20,0,1) (-41.3342,6.78542,-0.485772,1) (-32,34.4,0,1) (-32,-20,0,1) (-2.7488,35.4711,0.00150885,1) (-4,-20,0,1) (24.2,34.4,0,1) (24.2,-20,0,1) (-60,7.2,0,1) (57.901,2.66692,0,1) (-12.0166,27.8176,0,2) (48.3999,10,0,2) (-5,68.4,0,2)
124 (-60,34.4,0,1) (52.3,34.4,0,1) (52.3,-20,0,1) (-41.9058,5.96507,-0.470894,1) (-32,34.4,0,1) (-32,-20,0,1) (-2.74545,35.464,0.0011696,1) (-4,-20,0,1) (24.2,34.4,0,1) (24.2,-20,0,1) (-60,7.2,0,1) (58.3912,2.28159,0,1) (-12.0166,27.8176,0,2) (49.1999,10,0,2) (-5,69.2,0,2)
125 (-60,34.4,0,1) (52.3,34.4,0,1) (52.3,-20,0,1) (-42.4775,5.14473,-0.456016,1) (-32,34.4,0,1) (-32,-20,0,1) (-2.73419,35.4473,0.000273697,1) (-4,-20,0,1) (24.2,34.4,0,1) (24.2,-20,0,1) (-60,7.2,0,1) (58.8274,1.84967,0,1) (-12.0166,27.8176,0,2) (49.9999,10,0,2) (-5,70,0,2)
126 (-60,34.4,0,1) (52.3,34.4,0,1) (52.3,-20,0,1) (-43.0492,4.32438,-0.441139,1) (-32,34.4,0,1) (-32,-20,0,1) (-2.72295,35.4308,-0.000615566,1) (-4,-20,0,1) (24.2,34.4,0,1) (24.2,-20,0,1) (-60,7.2,0,1) (59.1614,1.35493,0,1) (-12.0166,27.8176,0,2) (50.7999,10,0,2) (-5,70.8,0,2)
127 (-60,34.4,0,1) (52.3,34.4,0,1) (52.3,-20,0,1) (-43.6208,3.50403,-0.426261,1) (-32,34.4,0,1) (-32,-20,0,1) (-2.71819,35.4226,-0.00103189,1) (-4,-20,0,1) (24.2,34.4,0,1) (24.2,-20,0,1) (-60,7.2,0,1) (59.3951,0.825978,0,1) (-12.0166,27.8176,0,2) (51.5999,10,0,2) (-5,71.6,0,2)
128 (-60,34.4,0,1) (52.3,34.4,0,1) (52.3,-20,0,1) (-44.1925,2.68368,-0.411384,1) (-32,34.4,0,1) (-32,-20,0,1) (-2.72196,35.4252,-0.000835025,1) (-4,-20,0,1) (24.2,34.4,0,1) (24.2,-20,0,1) (-60,7.2,0,1) (59.5243,0.282227,0,1) (-12.0166,27.8176,0,2) (52.3999,10,0,2) (-5,72.4,0,2)
129 (-60,34.4,0,1) (52.3,34.4,0,1) (52.3,-20,0,1) (-44.7642,1.86334,-0.396506,1) (-32,34.4,0,1) (-32,-20,0,1) (-2.73147,35.4349,-0.000231011,1) (-4,-20,0,1) (24.2,34.4,0,1) (24.2,-20,0,1) (-60,7.2,0,1) (59.5435,-0.25778,0,1) (-12.0166,27.8176,0,2) (53.1999,10,0,2) (-5,73.2,0,2)
130 (-60,34.4,0,1) (52.3,34.4,0,1) (52.3,-20,0,1) (-45.3359,1.04299,-0.381629,1) (-32,34.4,0,1) (-32,-20,0,1) (-2.74123,35.445,0.000393727,1) (-4,-20,0,1) (24.2,34.4,0,1) (24.2,-20,0,1) (-60,7.2,0,1) (59.4478,-0.773982,0,1) (-12.0166,27.8176,0,2) (53.9999,10,0,2) (-5,74,0,2)
131 (-60,34.4,0,1) (52.3,34.4,0,1) (52.3,-20,0,1) (-45.9075,0.222642,-0.366751,1) (-32,34.4,0,1) (-32,-20,0,1) (-2.74641,35.4498,0.000706068,1) (-4,-20,0,1) (24.2,34.4,0,1) (24.2,-20,0,1) (-60,7.2,0,1) (59.2348,-1.24361,0,1) (-12.0166,27.8176,0,2) (54.7999,10,0,2) (-5,74.8,0,2)
132 (-60,34.4,0,1) (52.3,34.4,0,1) (52.3,-20,0,1) (-46.4792,-0.597705,-0.351874,1) (-32,34.4,0,1) (-32,-20,0,1) (-2.74543,35.4473,0.000593144,1) (-4,-20,0,1) (24.2,34.4,0,1) (24.2,-20,0,1) (-60,7.2,0,1) (58.9063,-1.64116,0,1) (-12.0166,27.8176,0,2) (55.5999,10,0,2) (-5,75.6,0,2)
133 (-60,34.4,0,1) (52.3,34.4,0,1) (52.3,-20,0,1) (-47.0509,-1.41805,-0.336996,1) (-32,34.4,0,1) (-32,-20,0,1) (-2.74023,35.4398,0.000185554,1) (-4,-20,0,1) (24.2,34.4,0,1) (24.2,-20,0,1) (-60,7.2,0,1) (58.4706,-1.9394,0,1) (-12.0166,27.8176,0,2) (56.3999,10,0,2) (-5,76.4,0,2)
134 (-60,34.4,0,1) (52.3,34.4,0,1) (52.3,-20,0,1) (-47.6225,-2.2384,-0.322118,1) (-32,34.4,0,1) (-32,-20,0,1) (-2.73457,35.4317,-0.000252046,1) (-4,-20,0,1) (24.2,34.4,0,1) (24.2,-20,0,1) (-60,7.2,0,1) (57.9433,-2.11143,0,1) (-12.0166,27.8176,0,2) (57.1999,10,0,2) (-5,77.2,0,2)
135 (-60,34.4,0,1) (52.3,34.4,0,1) (52.3,-20,0,1) (-48.1942,-3.05875,-0.307241,1) (-32,34.4,0,1) (-32,-20,0,1) (-2.73176,35.4274,-0.00048316,1) (-4,-20,0,1) (24.2,34.4,0,1) (24.2,-20,0,1) (-60,7.2,0,1) (57.348,-2.1332,0,1) (-12.0166,27.8176,0,2) (57.9999,10,0,2) (-5,78,0,2)
136 (-60,34.4,0,1) (52.3,34.4,0,1) (52.3,-20,0,1) (-48.7659,-3.87909,-0.292363,1) (-32,34.4,0,1) (-32,-20,0,1) (-2.73306,35.4281,-0.000419889,1) (-4,-20,0,1) (24.2,34.4,0,1) (24.2,-20,0,1) (-60,7.2,0,1) (56.7151,-1.98634,0,1) (-12.0166,27.8176,0,2) (58.7999,10,0,2) (-5,78.8,0,2)
137 (-60,34.4,0,1) (52.3,34.4,0,1) (52.3,-20,0,1) (-49.3376,-4.69944,-0.277486,1) (-32,34.4,0,1) (-32,-20,0,1) (-2.73734,35.4326,-0.000144815,1) (-4,-20,0,1) (24.2,34.4,0,1) (24.2,-20,0,1) (-60,7.2,0,1) (56.0798,-1.66046,0,1) (-12.0166,27.8176,0,2) (59.5999,10,0,2) (-5,79.6,0,2)
138 (-60,34.4,0,1) (52.3,34.4,0,1) (52.3,-20,0,1) (-49.9092,-5.51979,-0.262608,1) (-32,34.4,0,1) (-32,-20,0,1) (-2.74203,35.4376,0.000161049,1) (-4,-20,0,1) (24.2,34.4,0,1) (24.2,-20,0,1) (-60,7.2,0,1) (55.4795,-1.15467,0,1) (-12.0166,27.8176,0,2) (60.3999,10,0,2) (-5,80.4,0,2)
139 (-60,34.4,0,1) (52.3,34.4,0,1) (52.3,-20,0,1) (-50.4809,-6.34014,-0.247731,1) (-32,34.4,0,1) (-32,-20,0,1) (-2.74473,35.4403,0.000330512,1) (-4,-20,0,1) (24.2,34.4,0,1) (24.2,-20,0,1) (-60,7.2,0,1) (54.9501,-0.477757,0,1) (-12.0166,27.8176,0,2) (61.1999,10,0,2) (-5,81.2,0,2)
140 (-60,34.4,0,1) (52.3,34.4,0,1) (52.3,-20,0,1) (-51.0526,-7.16048,-0.232853,1) (-32,34.4,0,1) (-32,-20,0,1) (-2.7445,35.4395,0.000296497,1) (-4,-20,0,1) (24.2,34.4,0,1) (24.2,-20,0,1) (-60,7.2,0,1) (54.5235,0.352844,0,1) (-12.0166,27.8176,0,2) (61.9999,10,0,2) (-5,82,0,2)
141 (-60,34.4,0,1) (52.3,34.4,0,1) (52.3,-20,0,1) (-51.6242,-7.98083,-0.217976,1) (-32,34.4,0,1) (-32,-20,0,1) (-2.7421,35.4361,0.000110956,1) (-4,-20,0,1) (24.2,34.4,0,1) (24.2,-20,0,1) (-60,7.2,0,1) (54.2146,1.30395,0,1) (-12.0166,27.8176,0,2) (62.7999,10,0,2) (-5,82.8,0,2)
142 (-60,34.4,0,1) (52.3,34.4,0,1) (52.3,-20,0,1) (-52.1959,-8.80118,-0.203098,1) (-32,34.4,0,1) (-32,-20,0,1) (-2.73928,35.4322,-0.000102468,1) (-4,-20,0,1) (24.2,34.4,0,1) (24.2,-20,0,1) (-60,7.2,0,1) (53.9058,2.25506,0,1) (-12.0166,27.8176,0,2) (63.5999,10,0,2) (-5,83.6,0,2)
143 (-60,34.4,0,1) (52.3,34.4,0,1) (52.3,-20,0,1) (-52.7676,-9.62152,-0.188221,1) (-32,34.4,0,1) (-32,-20,0,1) (-2.73771,35.4299,-0.000225938,1) (-4,-20,0,1) (24.2,34.4,0,1) (24.2,-20,0,1) (-60,7.2,0,1) (53.5969,3.20618,0,1) (-12.0166,27.8176,0,2) (64.3999,10,0,2) (-5,84.4,0,2)
144 (-60,34.4,0,1) (52.3,34.4,0,1) (52.3,-20,0,1) (-53.3393,-10.4419,-0.173343,1) (-32,34.4,0,1) (-32,-20,0,1) (-2.73811,35.4301,-0.000208951,1) (-4,-20,0,1) (24.2,34.4,0,1) (24.2,-20,0,1) (-60,7.2,0,1) (53.2881,4.15729,0,1) (-12.0166,27.8176,0,2) (65.1999,10,0,2) (-5,85.2,0,2)
