15
0 (36,5,0,1) (30,22.4,0,1) (16,34,0,1) (-2.1,37.7,0,1) (-20,34,0,1) (-35,22.4,0,1) (-40,5,0,1) (-35,-12.4,0,1) (-20,-24,0,1) (-2.1,-27.7,0,1) (16,-24,0,1) (30.6,-12.4,0,1) (-12.0166,27.8176,0,2) (-50,10,0,2) (-5,-30,0,2)
1 (35.1313,5.03922,0,1) (30.8806,22.8739,0,1) (16.0574,33.5848,0,1) (-2.17084,37.6294,0,1) (-20.8214,34.4931,0,1) (-34.5745,22.0312,0,1) (-39.0981,5.05839,0,1) (-34.4764,-12.2919,0,1) (-19.9299,-23.3404,0,1) (-0.323564,-26.7812,0,1) (15.5712,-23.5188,0,1) (31.1793,-12.2542,0,1) (-12.0166,27.8176,0,2) (-49.2,10,0,2) (-5,-29.2,0,2)
2 (34.1758,5.33413,0,1) (31.7612,23.3477,0,1) (16.6176,32.7565,0,1) (-2.27355,37.5271,0,1) (-21.9458,34.5774,0,1) (-34.2287,21.6258,0,1) (-37.7944,5.15956,0,1) (-34.0226,-12.2522,0,1) (-19.6345,-22.4482,0,1) (1.53768,-26.0492,0,1) (15.3543,-22.1693,0,1) (31.9149,-11.5767,0,1) (-12.0166,27.8176,0,2) (-48.4,10,0,2) (-5,-28.4,0,2)
3 (33.2202,5.62904,0,1) (32.6418,23.8216,0,1) (17.1779,31.9282,0,1) (-2.38706,37.4139,0,1) (-22.9456,34.5598,0,1) (-33.8662,21.1789,0,1) (-36.5177,5.29671,0,1) (-33.5521,-12.437,0,1) (-19.235,-21.5321,0,1) (3.46766,-25.5246,0,1) (15.5146,-20.5522,0,1) (32.6504,-10.8992,0,1) (-12.0166,27.8176,0,2) (-47.6,10,0,2) (-5,-27.6,0,2)
4 (32.2647,5.92394,0,1) (33.5224,24.2955,0,1) (17.7381,31.0998,0,1) (-2.50031,37.3011,0,1) (-23.9455,34.5422,0,1) (-33.4845,20.7468,0,1) (-35.3799,5.34337,0,1) (-32.977,-12.7403,0,1) (-18.802,-20.6149,0,1) (5.43835,-25.1835,0,1) (15.9172,-18.8475,0,1) (33.3859,-10.2217,0,1) (-12.0166,27.8176,0,2) (-46.8,10,0,2) (-5,-26.8,0,2)
5 (31.3092,6.21885,0,1) (34.403,24.7693,0,1) (18.2983,30.2715,0,1) (-2.60775,37.194,0,1) (-24.9453,34.5245,0,1) (-33.0647,20.333,0,1) (-34.2945,5.36391,0,1) (-32.3262,-13.0583,0,1) (-18.3631,-19.6896,0,1) (7.17682,-24.8449,0,1) (16.473,-17.1397,0,1) (34.1214,-9.54425,0,1) (-12.0166,27.8176,0,2) (-46,10,0,2) (-5,-26,0,2)
6 (30.3537,6.51376,0,1) (35.2836,25.2432,0,1) (18.8586,29.4432,0,1) (-2.70693,37.0952,0,1) (-25.9452,34.5069,0,1) (-32.6037,19.9442,0,1) (-33.2238,5.37311,0,1) (-31.6332,-13.364,0,1) (-17.9284,-18.7489,0,1) (8.13862,-24.5712,0,1) (16.8927,-15.4144,0,1) (34.857,-8.86676,0,1) (-12.0166,27.8176,0,2) (-45.2,10,0,2) (-5,-25.2,0,2)
7 (29.3981,6.80867,0,1) (36.1642,25.717,0,1) (19.4188,28.6149,0,1) (-2.79701,37.0055,0,1) (-26.945,34.4892,0,1) (-32.101,19.5813,0,1) (-32.1526,5.37825,0,1) (-30.9165,-13.6611,0,1) (-17.5003,-17.7884,0,1) (9.10043,-24.2975,0,1) (16.5035,-13.9108,0,1) (35.5925,-8.18926,0,1) (-12.0166,27.8176,0,2) (-44.4,10,0,2) (-5,-24.4,0,2)
8 (28.4426,7.10358,0,1) (37.0448,26.1909,0,1) (19.9791,27.7865,0,1) (-2.87804,36.9248,0,1) (-27.9449,34.4716,0,1) (-31.5586,19.2433,0,1) (-31.0748,5.38329,0,1) (-30.1871,-13.9519,0,1) (-17.0772,-16.8061,0,1) (10.0622,-24.0237,0,1) (15.7926,-12.7424,0,1) (36.328,-7.51177,0,1) (-12.0166,27.8176,0,2) (-43.6,10,0,2) (-5,-23.6,0,2)
9 (27.4871,7.39849,0,1) (37.9254,26.6648,0,1) (20.5393,26.9582,0,1) (-2.9505,36.8526,0,1) (-28.9447,34.4539,0,1) (-30.9797,18.9284,0,1) (-29.9875,5.39089,0,1) (-29.4501,-14.2373,0,1) (-16.6554,-15.8016,0,1) (11.024,-23.75,0,1) (14.9168,-11.8729,0,1) (37.0635,-6.83427,0,1) (-12.0166,27.8176,0,2) (-42.8,10,0,2) (-5,-22.8,0,2)
10 (26.5316,7.69339,0,1) (38.806,27.1386,0,1) (21.0996,26.1299,0,1) (-3.01506,36.7883,0,1) (-29.9445,34.4363,0,1) (-30.3677,18.6348,0,1) (-28.8888,5.40344,0,1) (-28.7059,-14.5177,0,1) (-16.2302,-14.7755,0,1) (11.9858,-23.4762,0,1) (13.9596,-11.2679,0,1) (37.7991,-6.15678,0,1) (-12.0166,27.8176,0,2) (-42,10,0,2) (-5,-22,0,2)
11 (25.561,7.96684,0,1) (39.6866,27.6125,0,1) (21.6748,25.323,0,1) (-3.07243,36.7311,0,1) (-30.9444,34.4186,0,1) (-29.7261,18.3605,0,1) (-27.7767,5.42365,0,1) (-27.9509,-14.7925,0,1) (-15.7965,-13.7292,0,1) (12.9476,-23.2025,0,1) (12.9798,-10.9112,0,1) (38.5346,-5.47929,0,1) (-12.0166,27.8176,0,2) (-41.2,10,0,2) (-5,-21.2,0,2)
12 (24.5904,8.24034,0,1) (40.5672,28.0864,0,1) (22.2499,24.5162,0,1) (-3.12335,36.6805,0,1) (-31.9442,34.401,0,1) (-29.0579,18.1027,0,1) (-26.6692,5.44089,0,1) (-27.1763,-15.0608,0,1) (-15.3493,-12.6651,0,1) (13.9094,-22.9288,0,1) (12.0092,-10.6703,0,1) (39.2701,-4.80179,0,1) (-12.0166,27.8176,0,2) (-40.4,10,0,2) (-5,-20.4,0,2)
13 (23.6198,8.51388,0,1) (41.4478,28.5602,0,1) (22.8249,23.7096,0,1) (-3.1685,36.6355,0,1) (-32,34.4,0,1) (-28.3662,17.8597,0,1) (-25.5682,5.45412,0,1) (-26.3583,-15.3197,0,1) (-14.8944,-11.5916,0,1) (14.8713,-22.655,0,1) (11.1955,-10.3406,0,1) (40.0056,-4.1243,0,1) (-12.0166,27.8176,0,2) (-39.6,10,0,2) (-5,-19.6,0,2)
14 (22.649,8.78748,0,1) (42.3284,29.0341,0,1) (23.3998,22.903,0,1) (-3.20852,36.5957,0,1) (-32,34.4,0,1) (-27.6538,17.6297,0,1) (-24.4742,5.4629,0,1) (-25.4437,-15.5525,0,1) (-14.4396,-10.5153,0,1) (15.8331,-22.3813,0,1) (10.5018,-9.94456,0,1) (40.7412,-3.44681,0,1) (-12.0166,27.8176,0,2) (-38.8,10,0,2) (-5,-18.8,0,2)
15 (21.6782,9.06112,0,1) (43.2089,29.508,0,1) (23.9744,22.0965,0,1) (-3.24397,36.5605,0,1) (-32,34.4,0,1) (-26.9231,17.4111,0,1) (-23.8513,5.32913,-1.8958,1) (-24.4646,-15.7556,0,1) (-13.1007,-9.02955,0,1) (16.7949,-22.1076,0,1) (9.90436,-9.49786,0,1) (41.4767,-2.76931,0,1) (-12.0166,27.8176,0,2) (-38,10,0,2) (-5,-18,0,2)
16 (20.7073,9.33482,0,1) (44.0895,29.9818,0,1) (24.549,21.2901,0,1) (-3.27538,36.5293,0,1) (-32,34.4,0,1) (-26.0404,16.9321,0,1) (-23.1503,5.13823,-2.80378,1) (-23.4854,-15.9587,0,1) (-12.5474,-7.96864,0,1) (17.7567,-21.8338,0,1) (9.38707,-9.01214,0,1) (42.2122,-2.09182,0,1) (-12.0166,27.8176,0,2) (-37.2,10,0,2) (-5,-17.2,0,2)
17 (19.7364,9.60858,0,1) (44.9701,30.4557,0,1) (25.1234,20.4839,0,1) (-3.3032,36.5017,0,1) (-32,34.4,0,1) (-25.1417,16.3136,0.096285,1) (-22.5049,4.89998,-3.48683,1) (-22.5063,-16.1617,0,1) (-12.136,-6.88231,0,1) (18.7185,-21.5601,0,1) (8.93884,-8.49687,0,1) (42.9478,-1.41432,0,1) (-12.0166,27.8176,0,2) (-36.4,10,0,2) (-5,-16.4,0,2)
18 (18.7653,9.88239,0,1) (45.8507,30.9295,0,1) (25.6976,19.6777,0,1) (-3.32786,36.4773,0,1) (-32,34.4,0,1) (-24.2517,15.6545,0.262525,1) (-21.8796,4.63464,-4.12674,1) (-21.5271,-16.3648,0,1) (-11.7411,-5.73976,0.00354307,1) (19.6803,-21.2863,0,1) (8.55172,-7.96053,0,1) (43.6833,-0.736831,0,1) (-12.0166,27.8176,0,2) (-35.6,10,0,2) (-5,-15.6,0,2)
19 (17.8004,10.1655,0,1) (46.7313,31.4034,0,1) (26.2654,18.8624,0,1) (-3.34971,36.4557,0,1) (-32,34.4,0,1) (-23.3686,14.9813,0.452312,1) (-21.2703,4.35775,-4.75104,1) (-20.5479,-16.5679,0,1) (-11.3242,-4.59262,0.00375661,1) (20.6421,-21.0126,0,1) (8.22008,-7.41138,0,1) (44.4188,-0.0593373,0,1) (-12.0166,27.8176,0,2) (-34.8,10,0,2) (-5,-14.8,0,2)
20 (16.8457,10.4629,0,1) (47.6119,31.8773,0,1) (26.822,18.0316,0,1) (-3.36909,36.4367,0,1) (-32,34.4,0,1) (-22.4893,14.3062,0.644065,1) (-20.6693,4.0685,-5.35568,1) (-19.5688,-16.771,0,1) (-10.8659,-3.47644,0.00382661,1) (21.6039,-20.7389,0,1) (7.9399,-6.85818,0,1) (45.1543,0.618156,0,1) (-12.0166,27.8176,0,2) (-34,10,0,2) (-5,-14,0,2)
21 (15.8909,10.7603,0,1) (48.4925,32.3511,0,1) (27.3786,17.2008,0,1) (-3.38628,36.4198,0,1) (-32,34.4,0,1) (-21.6075,13.6074,0.823396,1) (-20.0389,3.80628,-5.94446,1) (-18.5896,-16.9741,0,1) (-10.3445,-2.38812,0.00387858,1) (22.5657,-20.4651,0,1) (7.70846,-6.31079,0,1) (45.8899,1.29565,0,1) (-12.0166,27.8176,0,2) (-33.2,10,0,2) (-5,-13.2,0,2)
22 (14.9362,11.0577,0,1) (49.3731,32.825,0,1) (27.9351,16.37,0,1) (-3.40154,36.405,0,1) (-32,34.4,0,1) (-20.7992,13.0699,1.44018,1) (-19.4256,3.62809,-6.5744,1) (-17.6104,-17.1772,0,1) (-9.65141,-1.26175,-0.139377,1) (23.5275,-20.1914,0,1) (7.52383,-5.78096,0,1) (46.6254,1.97314,0,1) (-12.0166,27.8176,0,2) (-32.4,10,0,2) (-5,-12.4,0,2)
23 (13.9814,11.3551,0,1) (50.2537,33.2989,0,1) (28.4917,15.5392,0,1) (-3.41512,36.3919,0,1) (-32,34.4,0,1) (-19.9872,12.467,1.99306,1) (-18.8582,4.02115,-7.10347,1) (-16.6313,-17.3802,0,1) (-8.97953,-0.201923,-0.209905,1) (24.2,-20,0,1) (7.38429,-5.28308,0,1) (47.3609,2.65064,0,1) (-12.0166,27.8176,0,2) (-31.6,10,0,2) (-5,-11.6,0,2)
24 (13.0266,11.6525,0,1) (51.1343,33.7727,0,1) (29.0483,14.7084,0,1) (-3.4272,36.3804,0,1) (-32,34.4,0,1) (-19.1888,11.8224,2.53194,1) (-18.3884,4.61307,-7.46321,1) (-15.6521,-17.5833,0,1) (-8.29786,0.807018,-0.250362,1) (24.2,-20,0,1) (7.28726,-4.83514,0,1) (48.0965,3.32813,0,1) (-12.0166,27.8176,0,2) (-30.8,10,0,2) (-5,-10.8,0,2)
25 (12.0719,11.9499,0,1) (52.0149,34.2466,0,1) (29.6048,13.8776,0,1) (-3.438,36.3703,0,1) (-32,34.4,0,1) (-18.4119,11.1058,3.05118,1) (-17.9365,5.32295,-7.68039,1) (-14.673,-17.7864,0,1) (-7.61162,1.77072,-0.272085,1) (24.2,-20,0,1) (7.22742,-4.45938,0,1) (48.832,4.00562,0,1) (-12.0166,27.8176,0,2) (-30,10,0,2) (-5,-10,0,2)
26 (11.1171,12.2473,0,1) (52.3,34.4,0,1) (30.1614,13.0468,0,1) (-3.44766,36.3615,0,1) (-32,34.4,0,1) (-17.6751,10.2682,3.52659,1) (-17.4818,6.11066,-7.78903,1) (-13.6938,-17.9895,0,1) (-6.92328,2.69376,-0.280105,1) (24.2,-20,0,1) (7.19362,-4.18228,0,1) (49.5675,4.68312,0,1) (-12.0166,27.8176,0,2) (-29.2,10,0,2) (-5,-9.20001,0,2)
27 (10.1624,12.5447,0,1) (52.3,34.4,0,1) (30.718,12.216,0,1) (-3.45635,36.3539,0,1) (-32,34.4,0,1) (-17.0063,9.33324,3.94848,1) (-17.0299,6.93764,-7.82895,1) (-12.7146,-18.1926,0,1) (-6.23442,3.57883,-0.277955,1) (24.2,-20,0,1) (7.16468,-4.03232,0,1) (50.303,5.36061,0,1) (-12.0166,27.8176,0,2) (-28.4,10,0,2) (-5,-8.40001,0,2)
28 (9.2955,13.2805,0.0337554,1) (52.3,34.4,0,1) (31.2746,11.3852,0,1) (-3.46421,36.3472,0,1) (-32,34.4,0,1) (-16.4231,8.27827,4.28583,1) (-16.5471,7.82473,-7.77508,1) (-11.7355,-18.3956,0,1) (-5.87329,4.2538,-0.484598,1) (24.2,-20,0,1) (7.13783,-3.90185,0,1) (51.0386,6.0381,0,1) (-12.0166,27.8176,0,2) (-27.6,10,0,2) (-5,-7.60001,0,2)
29 (8.48212,14.0497,0.178143,1) (52.3,34.4,0,1) (31.8311,10.5544,0,1) (-3.47137,36.3416,0,1) (-32,34.4,0,1) (-15.9716,7.13589,4.59688,1) (-16.057,8.78498,-7.64828,1) (-10.7563,-18.5987,0,1) (-4.89707,5.0084,-1.8351,1) (24.2,-20,0,1) (7.11256,-3.7726,0,1) (51.7741,6.7156,0,1) (-12.0166,27.8176,0,2) (-26.8,10,0,2) (-5,-6.80001,0,2)
30 (7.62209,14.5202,0.362231,1) (52.3,34.4,0,1) (32.3877,9.72361,0,1) (-3.47795,36.3368,0,1) (-32,34.4,0,1) (-15.6855,5.93213,4.90187,1) (-15.5298,9.7108,-7.47674,1) (-9.77715,-18.8018,0,1) (-4.18177,5.7754,-2.77804,1) (24.2,-20,0,1) (7.08821,-3.64472,0,1) (52.3,7.2,0,1) (-12.0166,27.8176,0,2) (-26,10,0,2) (-5,-6.00001,0,2)
31 (6.76913,14.9753,0.552613,1) (52.3,34.4,0,1) (32.9443,8.89281,0,1) (-3.48409,36.3329,0,1) (-32,34.4,0,1) (-15.5467,4.70238,5.12091,1) (-15.0009,10.5745,-7.3297,1) (-8.79799,-19.0049,0,1) (-3.63462,6.42782,-3.52446,1) (24.2,-20,0,1) (7.06442,-3.51832,0,1) (52.3,7.2,0,1) (-12.0166,27.8176,0,2) (-25.2,10,0,2) (-5,-5.20001,0,2)
32 (5.91197,15.4371,0.737575,1) (52.3,34.4,0,1) (33.5008,8.06201,0,1) (-3.48989,36.3299,0,1) (-32,34.4,0,1) (-15.584,3.47758,5.26573,1) (-14.47,11.3755,-7.21124,1) (-7.81883,-19.208,0,1) (-3.13189,6.97488,-4.14621,1) (24.2,-20,0,1) (7.04097,-3.39342,0,1) (52.3,7.2,0,1) (-12.0166,27.8176,0,2) (-24.4,10,0,2) (-5,-4.40001,0,2)
33 (5.04853,15.9079,0.913244,1) (52.3,34.4,0,1) (34.0574,7.23121,0,1) (-3.49548,36.3276,0,1) (-32,34.4,0,1) (-15.8022,2.30134,5.33132,1) (-13.9349,12.1167,-7.11871,1) (-6.83966,-19.411,0,1) (-2.60283,7.43061,-4.68331,1) (24.2,-20,0,1) (7.01776,-3.27,0,1) (52.3,7.2,0,1) (-12.0166,27.8176,0,2) (-23.6,10,0,2) (-5,-3.60001,0,2)
34 (4.1804,16.3857,1.08008,1) (52.3,34.4,0,1) (34.614,6.4004,0,1) (-3.50098,36.3261,0,1) (-32,34.4,0,1) (-16.185,1.22159,5.30689,1) (-13.3937,12.804,-7.04727,1) (-5.8605,-19.6141,0,1) (-2.06005,7.82508,-5.15485,1) (24.2,-20,0,1) (6.99479,-3.14794,0,1) (52.3,7.2,0,1) (-12.0166,27.8176,0,2) (-22.8,10,0,2) (-5,-2.80001,0,2)
35 (3.34105,16.7438,1.37259,1) (52.3,34.4,0,1) (35.1705,5.5696,0,1) (-3.50653,36.3255,0,1) (-32,34.4,0,1) (-16.6989,0.283936,5.18755,1) (-12.9134,13.4681,-7.06575,1) (-4.88134,-19.8172,0,1) (-1.51643,8.17866,-5.57677,1) (24.2,-20,0,1) (6.95957,-3.07696,0,1) (52.3,7.2,0,1) (-12.0166,27.8176,0,2) (-22,10,0,2) (-5,-2.00001,0,2)
36 (2.56292,17.0842,1.65189,1) (52.3,34.4,0,1) (35.7271,4.7388,0,1) (-3.51227,36.3258,0,1) (-32,34.4,0,1) (-17.289,-0.49826,4.9875,1) (-12.4211,14.0905,-7.08932,1) (-4,-20,0,1) (-0.988109,8.50739,-5.96049,1) (24.2,-20,0,1) (6.89113,-3.042,0,1) (52.3,7.2,0,1) (-12.0166,27.8176,0,2) (-21.2,10,0,2) (-5,-1.20001,0,2)
37 (1.80157,17.3603,1.92979,1) (52.3,34.4,0,1) (36.2837,3.908,0,1) (-3.51837,36.3271,0,1) (-32,34.4,0,1) (-17.879,-1.28046,4.78746,1) (-11.904,14.6896,-7.11916,1) (-4,-20,0,1) (-0.435487,8.82253,-6.27384,1) (24.2,-20,0,1) (6.74976,-3.08695,0,1) (52.3,7.2,0,1) (-12.0166,27.8176,0,2) (-20.4,10,0,2) (-5,-0.40001,0,2)
38 (1.04119,17.5618,2.20661,1) (52.3,34.4,0,1) (36.8402,3.0772,0,1) (-3.52501,36.3294,0,1) (-32,34.4,0,1) (-18.4691,-2.06265,4.58742,1) (-11.3548,15.2854,-7.15647,1) (-4,-20,0,1) (0.197201,9.18077,-6.45717,1) (24.2,-20,0,1) (6.52197,-3.18556,0,1) (52.3,7.2,0,1) (-12.0166,27.8176,0,2) (-19.6,10,0,2) (-5,0.39999,0,2)
39 (0.287978,17.7286,2.52226,1) (52.3,34.4,0,1) (37.3968,2.24639,0,1) (-3.53241,36.333,0,1) (-32,34.4,0,1) (-19.0591,-2.84485,4.38737,1) (-10.7756,15.8929,-7.20006,1) (-4,-20,0,1) (0.890345,9.65311,-6.5406,1) (24.2,-20,0,1) (6.19961,-3.31834,0,1) (52.3,7.2,0,1) (-12.0166,27.8176,0,2) (-18.8,10,0,2) (-5,1.19999,0,2)
40 (-0.507228,17.8599,2.89726,1) (52.3,34.4,0,1) (37.9534,1.41559,0,1) (-3.54082,36.338,0,1) (-32,34.4,0,1) (-19.6492,-3.62704,4.18733,1) (-10.1835,16.4763,-7.22322,1) (-4,-20,0,1) (1.59507,10.2711,-6.47261,1) (24.2,-20,0,1) (5.77711,-3.46739,0,1) (52.3,7.2,0,1) (-12.0166,27.8176,0,2) (-18,10,0,2) (-5,1.99999,0,2)
41 (-1.25762,17.9969,3.30147,1) (52.3,34.4,0,1) (38.5099,0.584788,0,1) (-3.55055,36.3447,0,1) (-32,34.4,0,1) (-20.2392,-4.40924,3.98728,1) (-9.57849,17.0335,-7.21729,1) (-4,-20,0,1) (2.26602,10.9872,-6.28049,1) (24.2,-20,0,1) (5.25088,-3.61448,0,1) (52.3,7.2,0,1) (-12.0166,27.8176,0,2) (-17.2,10,0,2) (-5,2.79999,0,2)
42 (-2.00757,18.1352,3.73409,1) (52.3,34.4,0,1) (39.0665,-0.246015,0,1) (-3.56196,36.3533,0,1) (-32,34.4,0,1) (-20.8293,-5.19143,3.78724,1) (-8.97656,17.5736,-7.20061,1) (-4,-20,0,1) (2.93696,11.7034,-6.08837,1) (24.2,-20,0,1) (4.61997,-3.74023,0,1) (52.3,7.2,0,1) (-12.0166,27.8176,0,2) (-16.4,10,0,2) (-5,3.59999,0,2)
43 (-2.75703,18.2746,4.182,1) (52.3,34.4,0,1) (39.6231,-1.07682,0,1) (-3.57548,36.3642,0,1) (-32,34.4,0,1) (-21.4193,-5.97363,3.5872,1) (-8.38335,18.1007,-7.18074,1) (-4,-20,0,1) (3.60791,12.4196,-5.89626,1) (24.2,-20,0,1) (3.88726,-3.82423,0,1) (52.3,7.2,0,1) (-12.0166,27.8176,0,2) (-15.6,10,0,2) (-5,4.39999,0,2)
44 (-3.49843,18.4145,4.63529,1) (52.3,34.4,0,1) (40.1796,-1.90762,0,1) (-3.59166,36.378,0,1) (-32,34.4,0,1) (-22.0093,-6.75583,3.38715,1) (-7.80145,18.6158,-7.16037,1) (-4,-20,0,1) (4.27886,13.1358,-5.70414,1) (24.2,-20,0,1) (3.0604,-3.84632,0,1) (52.3,7.2,0,1) (-12.0166,27.8176,0,2) (-14.8,10,0,2) (-5,5.19999,0,2)
45 (-4.23322,18.555,5.09086,1) (52.3,34.4,0,1) (40.7362,-2.73842,0,1) (-3.61114,36.3951,0,1) (-32,34.4,0,1) (-22.5994,-7.53802,3.18711,1) (-7.23247,19.1186,-7.14035,1) (-4,-20,0,1) (4.94981,13.852,-5.51202,1) (24.2,-20,0,1) (2.15189,-3.78823,0,1) (52.3,7.2,0,1) (-12.0166,27.8176,0,2) (-14,10,0,2) (-5,5.99999,0,2)
46 (-4.96229,18.6958,5.54703,1) (52.3,34.4,0,1) (41.2928,-3.56923,0,1) (-3.63472,36.4161,0,1) (-32,34.4,0,1) (-23.1894,-8.32022,2.98706,1) (-6.67763,19.6086,-7.12091,1) (-4,-20,0,1) (5.62076,14.5682,-5.3199,1) (24.2,-20,0,1) (1.17838,-3.63524,0,1) (52.3,7.2,0,1) (-12.0166,27.8176,0,2) (-13.2,10,0,2) (-5,6.79999,0,2)
47 (-5.68606,18.8368,6.00284,1) (52.3,34.4,0,1) (41.8493,-4.40003,0,1) (-3.6634,36.442,0,1) (-32,34.4,0,1) (-23.7795,-9.10241,2.78702,1) (-6.13808,20.0849,-7.1021,1) (-4,-20,0,1) (6.29171,15.2843,-5.12779,1) (24.2,-20,0,1) (0.193685,-3.46104,0,1) (52.3,7.2,0,1) (-12.0166,27.8176,0,2) (-12.4,10,0,2) (-5,7.59999,0,2)
48 (-6.4047,18.9782,6.45774,1) (52.3,34.4,0,1) (42.4059,-5.23083,0,1) (-3.6984,36.4737,0,1) (-32,34.4,0,1) (-24.3695,-9.88461,2.58698,1) (-5.61463,20.5473,-7.08449,1) (-4,-20,0,1) (6.96266,16.0005,-4.93567,1) (24.2,-20,0,1) (-0.79099,-3.28665,0,1) (52.3,7.2,0,1) (-12.0166,27.8176,0,2) (-11.6,10,0,2) (-5,8.39999,0,2)
49 (-7.11821,19.1198,6.9114,1) (52.3,34.4,0,1) (42.9625,-6.06163,0,1) (-3.73347,36.5055,0,1) (-32,34.4,0,1) (-24.9596,-10.6668,2.38693,1) (-5.10443,21.0047,-7.07479,1) (-4,-20,0,1) (7.63361,16.7167,-4.74355,1) (24.2,-20,0,1) (-1.77567,-3.11225,0,1) (52.3,7.2,0,1) (-12.0166,27.8176,0,2) (-10.8,10,0,2) (-5,9.19999,0,2)
50 (-7.82611,19.2621,7.36392,1) (52.3,34.4,0,1) (43.5191,-6.89244,0,1) (-3.76805,36.5368,0,1) (-32,34.4,0,1) (-25.5496,-11.449,2.18689,1) (-4.58874,21.4924,-7.03892,1) (-4,-20,0,1) (8.30455,17.4329,-4.55144,1) (24.2,-20,0,1) (-2.76034,-2.93785,0,1) (52.3,7.2,0,1) (-12.0166,27.8176,0,2) (-10,10,0,2) (-5,9.99999,0,2)
51 (-8.64123,19.3138,7.76621,1) (52.3,34.4,0,1) (44.0756,-7.72324,0,1) (-3.80217,36.5678,0,1) (-32,34.4,0,1) (-26.1397,-12.2312,1.98684,1) (-4.07616,22.0331,-6.9711,1) (-4,-20,0,1) (8.9755,18.1491,-4.35932,1) (24.2,-20,0,1) (-3.74502,-2.76345,0,1) (52.3,7.2,0,1) (-12.0166,27.8176,0,2) (-9.20003,10,0,2) (-5,10.8,0,2)
52 (-9.50486,19.3012,8.11452,1) (52.3,34.4,0,1) (44.6322,-8.55404,0,1) (-3.83583,36.5983,0,1) (-32,34.4,0,1) (-26.7297,-13.0134,1.7868,1) (-3.66369,22.5845,-6.95493,1) (-4,-20,0,1) (9.64645,18.8653,-4.1672,1) (24.2,-20,0,1) (-4.72969,-2.58905,0,1) (52.3,7.2,0,1) (-12.0166,27.8176,0,2) (-8.40003,10,0,2) (-5,11.6,0,2)
53 (-10.4026,19.2596,8.34907,1) (52.3,34.4,0,1) (45.1888,-9.38484,0,1) (-3.86905,36.6284,0,1) (-32,34.4,0,1) (-27.3197,-13.7956,1.58676,1) (-3.31175,23.1344,-6.97381,1) (-4,-20,0,1) (10.3174,19.5814,-3.97509,1) (24.2,-20,0,1) (-5.71437,-2.41466,0,1) (52.3,7.2,0,1) (-12.0166,27.8176,0,2) (-7.60003,10,0,2) (-5,12.4,0,2)
54 (-11.3332,19.2453,8.49452,1) (52.3,34.4,0,1) (45.7453,-10.2156,0,1) (-3.90765,36.6634,0.00635585,1) (-32,34.4,0,1) (-27.9098,-14.5778,1.38671,1) (-2.99462,23.6759,-7.01981,1) (-4,-20,0,1) (10.9883,20.2976,-3.78297,1) (24.2,-20,0,1) (-6.69904,-2.24026,0,1) (52.3,7.2,0,1) (-12.0166,27.8176,0,2) (-6.80003,10,0,2) (-5,13.2,0,2)
55 (-12.297,19.2942,8.57814,1) (52.3,34.4,0,1) (46.3019,-11.0465,0,1) (-3.95059,36.7024,0.0200118,1) (-32,34.4,0,1) (-28.4998,-15.36,1.18667,1) (-2.69599,24.2101,-7.083,1) (-4,-20,0,1) (11.6593,21.0138,-3.59085,1) (24.2,-20,0,1) (-7.68372,-2.06586,0,1) (52.3,7.2,0,1) (-12.0166,27.8176,0,2) (-6.00003,10,0,2) (-5,14,0,2)
56 (-13.2766,19.406,8.60082,1) (52.3,34.4,0,1) (46.8585,-11.8773,0,1) (-3.99696,36.7444,0.0393596,1) (-32,34.4,0,1) (-29.0899,-16.1422,0.986626,1) (-2.40594,24.7382,-7.15621,1) (-4,-20,0,1) (12.3302,21.73,-3.39874,1) (24.2,-20,0,1) (-8.66839,-1.89146,0,1) (52.3,7.2,0,1) (-12.0166,27.8176,0,2) (-5.20003,10,0,2) (-5,14.8,0,2)
57 (-14.2583,19.5778,8.56362,1) (52.3,34.4,0,1) (47.415,-12.7081,0,1) (-4.04808,36.7902,0.0599791,1) (-32,34.4,0,1) (-29.6799,-16.9244,0.786582,1) (-2.12029,25.2619,-7.23566,1) (-4,-20,0,1) (13.0012,22.4462,-3.20662,1) (24.2,-20,0,1) (-9.65307,-1.71706,0,1) (52.3,7.2,0,1) (-12.0166,27.8176,0,2) (-4.40003,10,0,2) (-5,15.6,0,2)
58 (-15.2298,19.8067,8.46781,1) (52.3,34.4,0,1) (47.9716,-13.5389,0,1) (-4.10305,36.8387,0.0806347,1) (-32,34.4,0,1) (-30.27,-17.7066,0.586538,1) (-1.8342,25.7826,-7.31711,1) (-4,-20,0,1) (13.6721,23.1624,-3.0145,1) (24.2,-20,0,1) (-10.6377,-1.54266,0,1) (52.3,7.2,0,1) (-12.0166,27.8176,0,2) (-3.60003,10,0,2) (-5,16.4,0,2)
59 (-16.1791,20.0895,8.31492,1) (52.3,34.4,0,1) (48.5282,-14.3697,0,1) (-4.16098,36.8891,0.100068,1) (-32,34.4,0,1) (-30.86,-18.4888,0.386494,1) (-1.54436,26.3018,-7.39714,1) (-4,-20,0,1) (14.3431,23.8785,-2.82239,1) (24.2,-20,0,1) (-11.6224,-1.36827,0,1) (52.3,7.2,0,1) (-12.0166,27.8176,0,2) (-2.80003,10,0,2) (-5,17.2,0,2)
60 (-17.1146,20.395,8.13741,1) (52.3,34.4,0,1) (49.0847,-15.2005,0,1) (-4.22123,36.9408,0.117135,1) (-32,34.4,0,1) (-31.45,-19.271,0.186451,1) (-1.256,26.8208,-7.4782,1) (-4,-20,0,1) (15.014,24.5947,-2.63027,1) (24.2,-20,0,1) (-12.6071,-1.19387,0,1) (52.3,7.2,0,1) (-12.0166,27.8176,0,2) (-2.00003,10,0,2) (-5,18,0,2)
61 (-18.0501,20.7005,7.9599,1) (52.3,34.4,0,1) (49.6413,-16.0313,0,1) (-4.31515,37.02,0.128649,1) (-32,34.4,0,1) (-32,-20,0,1) (-0.97865,27.3393,-7.56667,1) (-4,-20,0,1) (15.685,25.3109,-2.43815,1) (24.2,-20,0,1) (-13.5918,-1.01947,0,1) (52.3,7.2,0,1) (-12.0166,27.8176,0,2) (-1.20003,10,0,2) (-5,18.8,0,2)
62 (-18.9856,21.006,7.78239,1) (52.3,34.4,0,1) (50.1979,-16.8621,0,1) (-4.4687,37.147,0.140941,1) (-32,34.4,0,1) (-32,-20,0,1) (-0.710007,27.8704,-7.64876,1) (-4,-20,0,1) (16.3559,26.0271,-2.24604,1) (24.2,-20,0,1) (-14.5764,-0.845072,0,1) (52.3,7.2,0,1) (-12.0166,27.8176,0,2) (-0.400029,10,0,2) (-5,19.6,0,2)
63 (-19.9211,21.3115,7.60488,1) (52.3,34.4,0,1) (50.7544,-17.6929,0,1) (-4.69068,37.3245,0.155691,1) (-32,34.4,0,1) (-32,-20,0,1) (-0.450549,28.4362,-7.70381,1) (-4,-20,0,1) (17.0269,26.7433,-2.05392,1) (24.2,-20,0,1) (-15.5611,-0.670674,0,1) (52.3,7.2,0,1) (-12.0166,27.8176,0,2) (0.399971,10,0,2) (-5,20.4,0,2)
64 (-20.8557,21.6136,7.42934,1) (52.3,34.4,0,1) (51.311,-18.5237,0,1) (-4.9833,37.5466,0.173693,1) (-32.0009,34.4034,-0.00196705,1) (-32,-20,0,1) (-0.20838,29.0545,-7.71968,1) (-4,-20,0,1) (17.6978,27.4595,-1.8618,1) (24.2,-20,0,1) (-16.5458,-0.496276,0,1) (52.3,7.2,0,1) (-12.0166,27.8176,0,2) (1.19997,10,0,2) (-5,21.2,0,2)
65 (-21.7864,21.8935,7.26671,1) (52.3,34.4,0,1) (51.8676,-19.3545,0,1) (-5.34542,37.803,0.195388,1) (-32.0054,34.429,-0.0168704,1) (-32,-20,0,1) (0.00395991,29.7362,-7.69321,1) (-4,-20,0,1) (18.3688,28.1757,-1.66969,1) (24.2,-20,0,1) (-17.5305,-0.321878,0,1) (52.3,7.2,0,1) (-12.0166,27.8176,0,2) (1.99997,10,0,2) (-5,22,0,2)
66 (-22.7175,22.1559,7.11425,1) (52.3,34.4,0,1) (52.3,-20,0,1) (-5.7739,38.0817,0.221005,1) (-32.0069,34.4724,-0.0420539,1) (-32,-20,0,1) (0.174491,30.4868,-7.62629,1) (-4,-20,0,1) (19.0397,28.8918,-1.47757,1) (24.2,-20,0,1) (-18.5151,-0.14748,0,1) (52.3,7.2,0,1) (-12.0166,27.8176,0,2) (2.79997,10,0,2) (-5,22.8,0,2)
67 (-23.6523,22.4058,6.96905,1) (52.3,34.4,0,1) (52.3,-20,0,1) (-6.26385,38.3697,0.250547,1) (-31.9999,34.5282,-0.0744894,1) (-32,-20,0,1) (0.294859,31.308,-7.52194,1) (-4,-20,0,1) (19.7107,29.608,-1.28545,1) (24.2,-20,0,1) (-19.4998,0.0269185,0,1) (52.3,7.2,0,1) (-12.0166,27.8176,0,2) (3.59997,10,0,2) (-5,23.6,0,2)
68 (-24.5935,22.6486,6.828,1) (52.3,34.4,0,1) (52.3,-20,0,1) (-6.80862,38.6544,0.283756,1) (-31.9799,34.5906,-0.110769,1) (-32,-20,0,1) (0.362514,32.199,-7.38039,1) (-4,-20,0,1) (20.3816,30.3242,-1.09334,1) (24.2,-20,0,1) (-20.4845,0.201317,0,1) (52.3,7.2,0,1) (-12.0166,27.8176,0,2) (4.39997,10,0,2) (-5,24.4,0,2)
69 (-25.5422,22.8897,6.68788,1) (52.3,34.4,0,1) (52.3,-20,0,1) (-7.39966,38.924,0.320082,1) (-31.9444,34.6534,-0.147219,1) (-32,-20,0,1) (0.372671,33.1555,-7.2056,1) (-4,-20,0,1) (21.0526,31.0404,-0.90122,1) (24.2,-20,0,1) (-21.4692,0.375715,0,1) (52.3,7.2,0,1) (-12.0166,27.8176,0,2) (5.19997,10,0,2) (-5,25.2,0,2)
70 (-26.492,23.1312,6.54759,1) (52.3,34.4,0,1) (52.3,-20,0,1) (-8.03206,39.1702,0.357827,1) (-31.9227,34.7185,-0.18507,1) (-32,-20,0,1) (0.38425,34.0949,-7.04207,1) (-4,-20,0,1) (21.7235,31.7566,-0.709103,1) (24.2,-20,0,1) (-22.4538,0.550113,0,1) (52.3,7.2,0,1) (-12.0166,27.8176,0,2) (5.99997,10,0,2) (-5,26,0,2)
71 (-27.4415,23.3726,6.40733,1) (52.3,34.4,0,1) (52.3,-20,0,1) (-8.70625,39.3876,0.395827,1) (-31.9066,34.7847,-0.223517,1) (-32,-20,0,1) (0.4179,34.9958,-6.89999,1) (-4,-20,0,1) (22.3945,32.4727,-0.516987,1) (24.2,-20,0,1) (-23.4385,0.724511,0,1) (52.3,7.2,0,1) (-12.0166,27.8176,0,2) (6.79997,10,0,2) (-5,26.8,0,2)
72 (-28.3906,23.6139,6.26711,1) (52.3,34.4,0,1) (52.3,-20,0,1) (-9.42462,39.5714,0.433705,1) (-31.8906,34.8509,-0.261963,1) (-32,-20,0,1) (0.483642,35.8477,-6.7865,1) (-4,-20,0,1) (23.0654,33.1889,-0.32487,1) (24.2,-20,0,1) (-24.4232,0.898909,0,1) (52.3,7.2,0,1) (-12.0166,27.8176,0,2) (7.59997,10,0,2) (-5,27.6,0,2)
73 (-29.3392,23.8552,6.12694,1) (52.3,34.4,0,1) (52.3,-20,0,1) (-10.1916,39.7166,0.471311,1) (-31.8745,34.917,-0.300411,1) (-32,-20,0,1) (0.592642,36.6377,-6.70968,1) (-4,-20,0,1) (23.7364,33.9051,-0.132754,1) (24.2,-20,0,1) (-25.4079,1.07331,0,1) (52.3,7.2,0,1) (-12.0166,27.8176,0,2) (8.39997,10,0,2) (-5,28.4,0,2)
74 (-30.2875,24.0963,5.98681,1) (52.3,34.4,0,1) (52.3,-20,0,1) (-11.014,39.8162,0.50849,1) (-31.8584,34.9832,-0.338857,1) (-32,-20,0,1) (0.751042,37.3476,-6.68417,1) (-4,-20,0,1) (24.2,34.4,0,1) (24.2,-20,0,1) (-26.3925,1.24771,0,1) (52.3,7.2,0,1) (-12.0166,27.8176,0,2) (9.19997,10,0,2) (-5,29.2,0,2)
75 (-31.2352,24.3374,5.84674,1) (52.3,34.4,0,1) (52.3,-20,0,1) (-11.9028,39.861,0.544947,1) (-31.8424,35.0494,-0.377305,1) (-32,-20,0,1) (0.942041,37.9756,-6.72162,1) (-4,-20,0,1) (24.2,34.4,0,1) (24.2,-20,0,1) (-27.3772,1.4221,0,1) (52.3,7.2,0,1) (-12.0166,27.8176,0,2) (9.99997,10,0,2) (-5,30,0,2)
76 (-32.1824,24.5784,5.70672,1) (52.3,34.4,0,1) (52.3,-20,0,1) (-12.8753,39.8364,0.580107,1) (-31.8263,35.1155,-0.415752,1) (-32,-20,0,1) (1.15491,38.5346,-6.81125,1) (-4,-20,0,1) (24.2,34.4,0,1) (24.2,-20,0,1) (-28.3619,1.5965,0,1) (52.3,7.2,0,1) (-12.0166,27.8176,0,2) (10.8,10,0,2) (-5,30.8,0,2)
77 (-33.1291,24.8193,5.56676,1) (52.3,34.4,0,1) (52.3,-20,0,1) (-13.7681,39.8577,0.677755,1) (-31.911,35.1789,-0.501115,1) (-32,-20,0,1) (1.39395,39.0226,-6.94217,1) (-4,-20,0,1) (24.2,34.4,0,1) (24.2,-20,0,1) (-29.3466,1.7709,0,1) (52.3,7.2,0,1) (-12.0166,27.8176,0,2) (11.6,10,0,2) (-5,31.6,0,2)
78 (-34.0751,25.0606,5.42756,1) (52.3,34.4,0,1) (52.3,-20,0,1) (-14.5952,39.757,0.854064,1) (-32.0155,35.2256,-0.622416,1) (-32,-20,0,1) (1.66252,39.4271,-7.10866,1) (-4,-20,0,1) (24.2,34.4,0,1) (24.2,-20,0,1) (-30.3312,1.9453,0,1) (52.3,7.2,0,1) (-12.0166,27.8176,0,2) (12.4,10,0,2) (-5,32.4,0,2)
79 (-35.0204,25.3023,5.28882,1) (52.3,34.4,0,1) (52.3,-20,0,1) (-15.3365,39.5623,0.958492,1) (-32.1402,35.2697,-0.755938,1) (-32,-20,0,1) (1.95596,39.7384,-7.30325,1) (-4,-20,0,1) (24.2,34.4,0,1) (24.2,-20,0,1) (-31.3159,2.1197,0,1) (52.3,7.2,0,1) (-12.0166,27.8176,0,2) (13.2,10,0,2) (-5,33.2,0,2)
80 (-35.9644,25.5709,5.13472,1) (52.3,34.4,0,1) (52.3,-20,0,1) (-16.0394,39.2885,1.06257,1) (-32.2958,35.3017,-0.865984,1) (-32,-20,0,1) (2.26556,39.95,-7.51601,1) (-4,-20,0,1) (24.2,34.4,0,1) (24.2,-20,0,1) (-32.3006,2.29409,0,1) (52.3,7.2,0,1) (-12.0166,27.8176,0,2) (14,10,0,2) (-5,34,0,2)
81 (-36.9041,25.863,4.96673,1) (52.3,34.4,0,1) (52.3,-20,0,1) (-16.7169,38.9577,1.17439,1) (-32.4794,35.321,-0.960998,1) (-32,-20,0,1) (2.5804,40.0562,-7.73514,1) (-4,-20,0,1) (24.2,34.4,0,1) (24.2,-20,0,1) (-33.2853,2.46849,0,1) (52.3,7.2,0,1) (-12.0166,27.8176,0,2) (14.8,10,0,2) (-5,34.8,0,2)
82 (-37.8363,26.1781,4.78465,1) (52.3,34.4,0,1) (52.3,-20,0,1) (-17.3768,38.584,1.29588,1) (-32.6871,35.3228,-1.04685,1) (-32,-20,0,1) (2.88754,40.053,-7.94709,1) (-4,-20,0,1) (24.2,34.4,0,1) (24.2,-20,0,1) (-34.2699,2.64289,0,1) (52.3,7.2,0,1) (-12.0166,27.8176,0,2) (15.6,10,0,2) (-5,35.6,0,2)
83 (-38.7589,26.513,4.59009,1) (52.3,34.4,0,1) (52.3,-20,0,1) (-18.0247,38.1744,1.42776,1) (-32.9166,35.3087,-1.12533,1) (-32,-20,0,1) (3.17198,39.9388,-8.13661,1) (-4,-20,0,1) (24.2,34.4,0,1) (24.2,-20,0,1) (-35.2546,2.81729,0,1) (52.3,7.2,0,1) (-12.0166,27.8176,0,2) (16.4,10,0,2) (-5,36.4,0,2)
84 (-39.6777,26.8542,4.39154,1) (52.3,34.4,0,1) (52.3,-20,0,1) (-18.6656,37.729,1.56978,1) (-33.1674,35.281,-1.19211,1) (-32,-20,0,1) (3.41691,39.716,-8.28706,1) (-4,-20,0,1) (24.2,34.4,0,1) (24.2,-20,0,1) (-36.2393,2.99169,0,1) (52.3,7.2,0,1) (-12.0166,27.8176,0,2) (17.2,10,0,2) (-5,37.2,0,2)
85 (-40.5965,27.1954,4.19299,1) (52.3,34.4,0,1) (52.3,-20,0,1) (-19.3051,37.2392,1.71882,1) (-33.4477,35.2322,-1.22835,1) (-32,-20,0,1) (3.60436,39.392,-8.38111,1) (-4,-20,0,1) (24.2,34.4,0,1) (24.2,-20,0,1) (-37.224,3.16608,0,1) (52.3,7.2,0,1) (-12.0166,27.8176,0,2) (18,10,0,2) (-5,38,0,2)
86 (-41.5153,27.5365,3.99444,1) (52.3,34.4,0,1) (52.3,-20,0,1) (-19.9467,36.6889,1.86245,1) (-33.766,35.1749,-1.20514,1) (-32,-20,0,1) (3.71633,38.9805,-8.40179,1) (-4,-20,0,1) (24.2,34.4,0,1) (24.2,-20,0,1) (-38.2086,3.34048,0,1) (52.3,7.2,0,1) (-12.0166,27.8176,0,2) (18.8,10,0,2) (-5,38.8,0,2)
87 (-42.4341,27.8777,3.7959,1) (52.3,34.4,0,1) (52.3,-20,0,1) (-20.5961,36.0561,1.97102,1) (-34.091,35.1896,-1.1197,1) (-32,-20,0,1) (3.73618,38.5016,-8.33391,1) (-4,-20,0,1) (24.2,34.4,0,1) (24.2,-20,0,1) (-39.1933,3.51488,0,1) (52.3,7.2,0,1) (-12.0166,27.8176,0,2) (19.6,10,0,2) (-5,39.6,0,2)
88 (-43.3529,28.2188,3.59735,1) (52.3,34.4,0,1) (52.3,-20,0,1) (-21.2688,35.3153,1.96418,1) (-34.3067,35.4163,-1.00761,1) (-32,-20,0,1) (3.65032,37.9814,-8.16553,1) (-4,-20,0,1) (24.2,34.4,0,1) (24.2,-20,0,1) (-40.178,3.68928,0,1) (52.3,7.2,0,1) (-12.0166,27.8176,0,2) (20.4,10,0,2) (-5,40.4,0,2)
89 (-44.2717,28.56,3.3988,1) (52.3,34.4,0,1) (52.3,-20,0,1) (-21.8812,34.5217,1.94264,1) (-34.5426,35.5991,-0.875552,1) (-32,-20,0,1) (3.44974,37.4507,-7.88935,1) (-4,-20,0,1) (24.2,34.4,0,1) (24.2,-20,0,1) (-41.1627,3.86368,0,1) (52.3,7.2,0,1) (-12.0166,27.8176,0,2) (21.2,10,0,2) (-5,41.2,0,2)
90 (-45.1905,28.9011,3.20025,1) (52.3,34.4,0,1) (52.3,-20,0,1) (-22.4539,33.7025,1.91346,1) (-34.7329,35.7499,-0.780311,1) (-32,-20,0,1) (3.13108,36.9427,-7.50363,1) (-4,-20,0,1) (24.2,34.4,0,1) (24.2,-20,0,1) (-42.1474,4.03808,0,1) (52.3,7.2,0,1) (-12.0166,27.8176,0,2) (22,10,0,2) (-5,42,0,2)
91 (-46.1093,29.2423,3.00171,1) (52.3,34.4,0,1) (52.3,-20,0,1) (-23.0267,32.8832,1.88427,1) (-34.8572,35.8783,-0.734773,1) (-32,-20,0,1) (2.7461,36.542,-7.01045,1) (-4,-20,0,1) (24.2,34.4,0,1) (24.2,-20,0,1) (-43.132,4.21247,0,1) (52.3,7.2,0,1) (-12.0166,27.8176,0,2) (22.8,10,0,2) (-5,42.8,0,2)
92 (-47.0281,29.5834,2.80316,1) (52.3,34.4,0,1) (52.3,-20,0,1) (-23.5994,32.064,1.85508,1) (-34.9376,35.9874,-0.728942,1) (-32,-20,0,1) (2.31754,36.2747,-6.4234,1) (-4,-20,0,1) (24.2,34.4,0,1) (24.2,-20,0,1) (-44.1167,4.38687,0,1) (52.3,7.2,0,1) (-12.0166,27.8176,0,2) (23.6,10,0,2) (-5,43.6,0,2)
93 (-47.9469,29.9246,2.60461,1) (52.3,34.4,0,1) (52.3,-20,0,1) (-24.1722,31.2448,1.82589,1) (-34.9898,36.0808,-0.740475,1) (-32,-20,0,1) (1.84346,36.133,-5.76071,1) (-4,-20,0,1) (24.2,34.4,0,1) (24.2,-20,0,1) (-45.1014,4.56127,0,1) (52.3,7.2,0,1) (-12.0166,27.8176,0,2) (24.4,10,0,2) (-5,44.4,0,2)
94 (-48.8657,30.2658,2.40606,1) (52.3,34.4,0,1) (52.3,-20,0,1) (-24.7449,30.4256,1.7967,1) (-35.0203,36.1636,-0.754267,1) (-32,-20,0,1) (1.33833,36.0714,-5.05562,1) (-4,-20,0,1) (24.2,34.4,0,1) (24.2,-20,0,1) (-46.0861,4.73567,0,1) (52.3,7.2,0,1) (-12.0166,27.8176,0,2) (25.2,10,0,2) (-5,45.2,0,2)
95 (-49.7845,30.6069,2.20752,1) (52.3,34.4,0,1) (52.3,-20,0,1) (-25.3177,29.6064,1.76751,1) (-35.022,36.2432,-0.763369,1) (-32,-20,0,1) (0.838249,36.0409,-4.33514,1) (-4,-20,0,1) (24.2,34.4,0,1) (24.2,-20,0,1) (-47.0707,4.91007,0,1) (52.3,7.2,0,1) (-12.0166,27.8176,0,2) (26,10,0,2) (-5,46,0,2)
96 (-50.7033,30.9481,2.00897,1) (52.3,34.4,0,1) (52.3,-20,0,1) (-25.8904,28.7872,1.73832,1) (-34.9513,36.3358,-0.759672,1) (-32,-20,0,1) (0.348959,36.0308,-3.60308,1) (-4,-20,0,1) (24.2,34.4,0,1) (24.2,-20,0,1) (-48.0554,5.08446,0,1) (52.3,7.2,0,1) (-12.0166,27.8176,0,2) (26.8,10,0,2) (-5,46.8,0,2)
97 (-51.6221,31.2892,1.81042,1) (52.3,34.4,0,1) (52.3,-20,0,1) (-26.4632,27.968,1.70913,1) (-34.7534,36.4274,-0.731215,1) (-32,-20,0,1) (-0.131966,36.0344,-2.86134,1) (-4,-20,0,1) (24.2,34.4,0,1) (24.2,-20,0,1) (-49.0401,5.25886,0,1) (52.3,7.2,0,1) (-12.0166,27.8176,0,2) (27.6,10,0,2) (-5,47.6,0,2)
98 (-52.5409,31.6304,1.61187,1) (52.3,34.4,0,1) (52.3,-20,0,1) (-27.0359,27.1488,1.67994,1) (-34.433,36.4632,-0.673428,1) (-32,-20,0,1) (-0.601161,36.0457,-2.12443,1) (-4,-20,0,1) (24.2,34.4,0,1) (24.2,-20,0,1) (-50.0248,5.43326,0,1) (52.3,7.2,0,1) (-12.0166,27.8176,0,2) (28.4,10,0,2) (-5,48.4,0,2)
99 (-53.4597,31.9715,1.41333,1) (52.3,34.4,0,1) (52.3,-20,0,1) (-27.6087,26.3296,1.65075,1) (-34.0176,36.4008,-0.587461,1) (-32,-20,0,1) (-1.03956,36.0603,-1.4291,1) (-4,-20,0,1) (24.2,34.4,0,1) (24.2,-20,0,1) (-51.0094,5.60766,0,1) (52.3,7.2,0,1) (-12.0166,27.8176,0,2) (29.2,10,0,2) (-5,49.2,0,2)
100 (-54.3785,32.3127,1.21478,1) (52.3,34.4,0,1) (52.3,-20,0,1) (-28.1814,25.5104,1.62157,1) (-33.542,36.2161,-0.477629,1) (-32,-20,0,1) (-1.43437,36.0755,-0.799399,1) (-4,-20,0,1) (24.2,34.4,0,1) (24.2,-20,0,1) (-51.9941,5.78206,0,1) (52.3,7.2,0,1) (-12.0166,27.8176,0,2) (30,10,0,2) (-5,50,0,2)
101 (-55.2973,32.6539,1.01623,1) (52.3,34.4,0,1) (52.3,-20,0,1) (-28.7542,24.6911,1.59238,1) (-33.0424,35.8998,-0.350008,1) (-32,-20,0,1) (-1.76784,36.0893,-0.265849,1) (-4,-20,0,1) (24.2,34.4,0,1) (24.2,-20,0,1) (-52.9788,5.95646,0,1) (52.3,7.2,0,1) (-12.0166,27.8176,0,2) (30.8,10,0,2) (-5,50.8,0,2)
102 (-56.2161,32.995,0.817683,1) (52.3,34.4,0,1) (52.3,-20,0,1) (-29.3269,23.8719,1.56319,1) (-32.5565,35.4529,-0.211965,1) (-32,-20,0,1) (-2.02432,36.1003,0.145225,1) (-4,-20,0,1) (24.2,34.4,0,1) (24.2,-20,0,1) (-53.9635,6.13085,0,1) (52.3,7.2,0,1) (-12.0166,27.8176,0,2) (31.6,10,0,2) (-5,51.6,0,2)
103 (-57.1349,33.3362,0.619135,1) (52.3,34.4,0,1) (52.3,-20,0,1) (-29.8997,23.0527,1.534,1) (-32.1309,34.8837,-0.0733388,1) (-32,-20,0,1) (-2.19878,36.1071,0.423266,1) (-4,-20,0,1) (24.2,34.4,0,1) (24.2,-20,0,1) (-54.9481,6.30525,0,1) (52.3,7.2,0,1) (-12.0166,27.8176,0,2) (32.4,10,0,2) (-5,52.4,0,2)
104 (-58.0537,33.6773,0.420587,1) (52.3,34.4,0,1) (52.3,-20,0,1) (-30.4724,22.2335,1.50481,1) (-32,34.4,0,1) (-32,-20,0,1) (-2.27585,36.0898,0.508475,1) (-4,-20,0,1) (24.2,34.4,0,1) (24.2,-20,0,1) (-55.9328,6.47965,0,1) (52.3,7.2,0,1) (-12.0166,27.8176,0,2) (33.2,10,0,2) (-5,53.2,0,2)
105 (-58.9725,34.0185,0.222039,1) (52.3,34.4,0,1) (52.3,-20,0,1) (-31.0452,21.4143,1.47562,1) (-32,34.4,0,1) (-32,-20,0,1) (-2.29047,36.0228,0.406159,1) (-4,-20,0,1) (24.2,34.4,0,1) (24.2,-20,0,1) (-56.9175,6.65405,0,1) (52.3268,7.19325,0,1) (-12.0166,27.8176,0,2) (34,10,0,2) (-5,54,0,2)
106 (-59.8913,34.3596,0.0234916,1) (52.3,34.4,0,1) (52.3,-20,0,1) (-31.6179,20.5951,1.44643,1) (-32,34.4,0,1) (-32,-20,0,1) (-2.28809,35.9083,0.190161,1) (-4,-20,0,1) (24.2,34.4,0,1) (24.2,-20,0,1) (-57.9022,6.82845,0,1) (52.4026,7.17216,0,1) (-12.0166,27.8176,0,2) (34.8,10,0,2) (-5,54.8,0,2)
107 (-60,34.4,0,1) (52.3,34.4,0,1) (52.3,-20,0,1) (-32.1907,19.7759,1.41724,1) (-32,34.4,0,1) (-32,-20,0,1) (-2.28889,35.7815,-0.0437663,1) (-4,-20,0,1) (24.2,34.4,0,1) (24.2,-20,0,1) (-58.8868,7.00285,0,1) (52.5353,7.131,0,1) (-12.0166,27.8176,0,2) (35.6,10,0,2) (-5,55.6,0,2)
108 (-60,34.4,0,1) (52.3,34.4,0,1) (52.3,-20,0,1) (-32.7634,18.9567,1.38805,1) (-32,34.4,0,1) (-32,-20,0,1) (-2.29654,35.6841,-0.21272,1) (-4,-20,0,1) (24.2,34.4,0,1) (24.2,-20,0,1) (-59.8715,7.17725,0,1) (52.7241,7.06441,0,1) (-12.0166,27.8176,0,2) (36.4,10,0,2) (-5,56.4,0,2)
109 (-60,34.4,0,1) (52.3,34.4,0,1) (52.3,-20,0,1) (-33.3362,18.1375,1.35887,1) (-32,34.4,0,1) (-32,-20,0,1) (-2.3181,35.6376,-0.265982,1) (-4,-20,0,1) (24.2,34.4,0,1) (24.2,-20,0,1) (-60,7.2,0,1) (52.9638,6.9659,0,1) (-12.0166,27.8176,0,2) (37.2,10,0,2) (-5,57.2,0,2)
110 (-60,34.4,0,1) (52.3,34.4,0,1) (52.3,-20,0,1) (-33.9089,17.3183,1.32968,1) (-32,34.4,0,1) (-32,-20,0,1) (-2.36445,35.6334,-0.20301,1) (-4,-20,0,1) (24.2,34.4,0,1) (24.2,-20,0,1) (-60,7.2,0,1) (53.2449,6.82622,0,1) (-12.0166,27.8176,0,2) (38,10,0,2) (-5,58,0,2)
111 (-60,34.4,0,1) (52.3,34.4,0,1) (52.3,-20,0,1) (-34.4817,16.499,1.30049,1) (-32,34.4,0,1) (-32,-20,0,1) (-2.43307,35.6484,-0.0706835,1) (-4,-20,0,1) (24.2,34.4,0,1) (24.2,-20,0,1) (-60,7.2,0,1) (53.5533,6.63125,0,1) (-12.0166,27.8176,0,2) (38.8,10,0,2) (-5,58.8,0,2)
112 (-60,34.4,0,1) (52.3,34.4,0,1) (52.3,-20,0,1) (-35.0544,15.6798,1.2713,1) (-32,34.4,0,1) (-32,-20,0,1) (-2.5035,35.6636,0.0647011,1) (-4,-20,0,1) (24.2,34.4,0,1) (24.2,-20,0,1) (-60,7.2,0,1) (53.8764,6.37749,0,1) (-12.0166,27.8176,0,2) (39.6,10,0,2) (-5,59.6,0,2)
113 (-60,34.4,0,1) (52.3,34.4,0,1) (52.3,-20,0,1) (-35.6272,14.8606,1.24211,1) (-32,34.4,0,1) (-32,-20,0,1) (-2.55332,35.6669,0.146636,1) (-4,-20,0,1) (24.2,34.4,0,1) (24.2,-20,0,1) (-60,7.2,0,1) (54.1968,6.05797,0,1) (-12.0166,27.8176,0,2) (40.4,10,0,2) (-5,60.4,0,2)
114 (-60,34.4,0,1) (52.3,34.4,0,1) (52.3,-20,0,1) (-36.1999,14.0414,1.21292,1) (-32,34.4,0,1) (-32,-20,0,1) (-2.57536,35.6502,0.149054,1) (-4,-20,0,1) (24.2,34.4,0,1) (24.2,-20,0,1) (-60,7.2,0,1) (54.4896,5.66233,0,1) (-12.0166,27.8176,0,2) (41.2,10,0,2) (-5,61.2,0,2)
115 (-60,34.4,0,1) (52.3,34.4,0,1) (52.3,-20,0,1) (-36.7727,13.2222,1.18373,1) (-32,34.4,0,1) (-32,-20,0,1) (-2.57854,35.6128,0.0846735,1) (-4,-20,0,1) (24.2,34.4,0,1) (24.2,-20,0,1) (-60,7.2,0,1) (54.7183,5.1803,0,1) (-12.0166,27.8176,0,2) (42,10,0,2) (-5,62,0,2)
116 (-60,34.4,0,1) (52.3,34.4,0,1) (52.3,-20,0,1) (-37.3454,12.403,1.15454,1) (-32,34.4,0,1) (-32,-20,0,1) (-2.57569,35.5663,-0.00593705,1) (-4,-20,0,1) (24.2,34.4,0,1) (24.2,-20,0,1) (-60,7.2,0,1) (54.9432,4.68626,0,1) (-12.0166,27.8176,0,2) (42.7999,10,0,2) (-5,62.7999,0,2)
117 (-60,34.4,0,1) (52.3,34.4,0,1) (52.3,-20,0,1) (-37.9182,11.5838,1.12535,1) (-32,34.4,0,1) (-32,-20,0,1) (-2.57588,35.5277,-0.0772113,1) (-4,-20,0,1) (24.2,34.4,0,1) (24.2,-20,0,1) (-60,7.2,0,1) (55.2201,4.23274,0,1) (-12.0166,27.8176,0,2) (43.5999,10,0,2) (-5,63.5999,0,2)
118 (-60,34.4,0,1) (52.3,34.4,0,1) (52.3,-20,0,1) (-38.4909,10.7646,1.09616,1) (-32,34.4,0,1) (-32,-20,0,1) (-2.58504,35.5081,-0.0995316,1) (-4,-20,0,1) (24.2,34.4,0,1) (24.2,-20,0,1) (-60,7.2,0,1) (55.524,3.80015,0,1) (-12.0166,27.8176,0,2) (44.3999,10,0,2) (-5,64.3999,0,2)
119 (-60,34.4,0,1) (52.3,34.4,0,1) (52.3,-20,0,1) (-39.0637,9.94537,1.06698,1) (-32,34.4,0,1) (-32,-20,0,1) (-2.60569,35.5067,-0.0706852,1) (-4,-20,0,1) (24.2,34.4,0,1) (24.2,-20,0,1) (-60,7.2,0,1) (55.8433,3.37936,0,1) (-12.0166,27.8176,0,2) (45.1999,10,0,2) (-5,65.2,0,2)
120 (-60,34.4,0,1) (52.3,34.4,0,1) (52.3,-20,0,1) (-39.6364,9.12616,1.03779,1) (-32,34.4,0,1) (-32,-20,0,1) (-2.63388,35.5146,-0.0131586,1) (-4,-20,0,1) (24.2,34.4,0,1) (24.2,-20,0,1) (-60,7.2,0,1) (56.1717,2.96569,0,1) (-12.0166,27.8176,0,2) (45.9999,10,0,2) (-5,66,0,2)
121 (-60,34.4,0,1) (52.3,34.4,0,1) (52.3,-20,0,1) (-40.2092,8.30696,1.0086,1) (-32,34.4,0,1) (-32,-20,0,1) (-2.66026,35.5219,0.0405309,1) (-4,-20,0,1) (24.2,34.4,0,1) (24.2,-20,0,1) (-60,7.2,0,1) (56.506,2.5566,0,1) (-12.0166,27.8176,0,2) (46.7999,10,0,2) (-5,66.8,0,2)
122 (-60,34.4,0,1) (52.3,34.4,0,1) (52.3,-20,0,1) (-40.7819,7.48775,0.979408,1) (-32,34.4,0,1) (-32,-20,0,1) (-2.6768,35.5215,0.0649674,1) (-4,-20,0,1) (24.2,34.4,0,1) (24.2,-20,0,1) (-60,7.2,0,1) (56.8442,2.15058,0,1) (-12.0166,27.8176,0,2) (47.5999,10,0,2) (-5,67.6,0,2)
123 (-60,34.4,0,1) (52.3,34.4,0,1) (52.3,-20,0,1) (-41.3547,6.66854,0.950219,1) (-32,34.4,0,1) (-32,-20,0,1) (-2.68217,35.5107,0.0530608,1) (-4,-20,0,1) (24.2,34.4,0,1) (24.2,-20,0,1) (-60,7.2,0,1) (57.1852,1.74671,0,1) (-12.0166,27.8176,0,2) (48.3999,10,0,2) (-5,68.4,0,2)
124 (-60,34.4,0,1) (52.3,34.4,0,1) (52.3,-20,0,1) (-41.9274,5.84933,0.92103,1) (-32,34.4,0,1) (-32,-20,0,1) (-2.68068,35.4924,0.0168419,1) (-4,-20,0,1) (24.2,34.4,0,1) (24.2,-20,0,1) (-60,7.2,0,1) (57.5281,1.34441,0,1) (-12.0166,27.8176,0,2) (49.1999,10,0,2) (-5,69.2,0,2)
125 (-60,34.4,0,1) (52.3,34.4,0,1) (52.3,-20,0,1) (-42.5002,5.03012,0.891841,1) (-32,34.4,0,1) (-32,-20,0,1) (-2.67817,35.4738,-0.0215286,1) (-4,-20,0,1) (24.2,34.4,0,1) (24.2,-20,0,1) (-60,7.2,0,1) (57.8727,0.943362,0,1) (-12.0166,27.8176,0,2) (49.9999,10,0,2) (-5,70,0,2)
126 (-60,34.4,0,1) (52.3,34.4,0,1) (52.3,-20,0,1) (-43.0729,4.21091,0.862652,1) (-32,34.4,0,1) (-32,-20,0,1) (-2.67916,35.4617,-0.0424341,1) (-4,-20,0,1) (24.2,34.4,0,1) (24.2,-20,0,1) (-60,7.2,0,1) (58.2032,0.534553,0,1) (-12.0166,27.8176,0,2) (50.7999,10,0,2) (-5,70.8,0,2)
127 (-60,34.4,0,1) (52.3,34.4,0,1) (52.3,-20,0,1) (-43.6457,3.3917,0.833463,1) (-32,34.4,0,1) (-32,-20,0,1) (-2.68577,35.4585,-0.0382316,1) (-4,-20,0,1) (24.2,34.4,0,1) (24.2,-20,0,1) (-60,7.2,0,1) (58.3921,0.0665756,0,1) (-12.0166,27.8176,0,2) (51.5999,10,0,2) (-5,71.6,0,2)
128 (-60,34.4,0,1) (52.3,34.4,0,1) (52.3,-20,0,1) (-44.2184,2.57249,0.804274,1) (-32,34.4,0,1) (-32,-20,0,1) (-2.69692,35.4617,-0.0152674,1) (-4,-20,0,1) (24.2,34.4,0,1) (24.2,-20,0,1) (-60,7.2,0,1) (58.4614,-0.413686,0,1) (-12.0166,27.8176,0,2) (52.3999,10,0,2) (-5,72.4,0,2)
129 (-60,34.4,0,1) (52.3,34.4,0,1) (52.3,-20,0,1) (-44.7912,1.75328,0.775085,1) (-32,34.4,0,1) (-32,-20,0,1) (-2.70878,35.4665,0.011587,1) (-4,-20,0,1) (24.2,34.4,0,1) (24.2,-20,0,1) (-60,7.2,0,1) (58.4125,-0.879492,0,1) (-12.0166,27.8176,0,2) (53.1999,10,0,2) (-5,73.2,0,2)
130 (-60,34.4,0,1) (52.3,34.4,0,1) (52.3,-20,0,1) (-45.3639,0.93407,0.745896,1) (-32,34.4,0,1) (-32,-20,0,1) (-2.71724,35.4683,0.0279143,1) (-4,-20,0,1) (24.2,34.4,0,1) (24.2,-20,0,1) (-60,7.2,0,1) (58.2476,-1.30598,0,1) (-12.0166,27.8176,0,2) (53.9999,10,0,2) (-5,74,0,2)
131 (-60,34.4,0,1) (52.3,34.4,0,1) (52.3,-20,0,1) (-45.9367,0.114861,0.716707,1) (-32,34.4,0,1) (-32,-20,0,1) (-2.72053,35.4652,0.0270675,1) (-4,-20,0,1) (24.2,34.4,0,1) (24.2,-20,0,1) (-60,7.2,0,1) (57.9713,-1.66832,0,1) (-12.0166,27.8176,0,2) (54.7999,10,0,2) (-5,74.8,0,2)
132 (-60,34.4,0,1) (52.3,34.4,0,1) (52.3,-20,0,1) (-46.5094,-0.704348,0.687518,1) (-32,34.4,0,1) (-32,-20,0,1) (-2.71983,35.4578,0.0123554,1) (-4,-20,0,1) (24.2,34.4,0,1) (24.2,-20,0,1) (-60,7.2,0,1) (57.5922,-1.94125,0,1) (-12.0166,27.8176,0,2) (55.5999,10,0,2) (-5,75.6,0,2)
133 (-60,34.4,0,1) (52.3,34.4,0,1) (52.3,-20,0,1) (-47.0822,-1.52356,0.658329,1) (-32,34.4,0,1) (-32,-20,0,1) (-2.71786,35.4494,-0.00627887,1) (-4,-20,0,1) (24.2,34.4,0,1) (24.2,-20,0,1) (-60,7.2,0,1) (57.1247,-2.0999,0,1) (-12.0166,27.8176,0,2) (56.3999,10,0,2) (-5,76.4,0,2)
134 (-60,34.4,0,1) (52.3,34.4,0,1) (52.3,-20,0,1) (-47.6549,-2.34277,0.62914,1) (-32,34.4,0,1) (-32,-20,0,1) (-2.71723,35.4433,-0.0184985,1) (-4,-20,0,1) (24.2,34.4,0,1) (24.2,-20,0,1) (-60,7.2,0,1) (56.5895,-2.12162,0,1) (-12.0166,27.8176,0,2) (57.1999,10,0,2) (-5,77.2,0,2)
135 (-60,34.4,0,1) (52.3,34.4,0,1) (52.3,-20,0,1) (-48.2277,-3.16198,0.599951,1) (-32,34.4,0,1) (-32,-20,0,1) (-2.71932,35.4413,-0.0190088,1) (-4,-20,0,1) (24.2,34.4,0,1) (24.2,-20,0,1) (-60,7.2,0,1) (56.0138,-1.98842,0,1) (-12.0166,27.8176,0,2) (57.9999,10,0,2) (-5,78,0,2)
136 (-60,34.4,0,1) (52.3,34.4,0,1) (52.3,-20,0,1) (-48.8004,-3.98118,0.570762,1) (-32,34.4,0,1) (-32,-20,0,1) (-2.72383,35.4427,-0.00949811,1) (-4,-20,0,1) (24.2,34.4,0,1) (24.2,-20,0,1) (-60,7.2,0,1) (55.4293,-1.68909,0,1) (-12.0166,27.8176,0,2) (58.7999,10,0,2) (-5,78.8,0,2)
137 (-60,34.4,0,1) (52.3,34.4,0,1) (52.3,-20,0,1) (-49.3732,-4.80039,0.541573,1) (-32,34.4,0,1) (-32,-20,0,1) (-2.72907,35.4454,0.00338522,1) (-4,-20,0,1) (24.2,34.4,0,1) (24.2,-20,0,1) (-60,7.2,0,1) (54.8702,-1.22076,0,1) (-12.0166,27.8176,0,2) (59.5999,10,0,2) (-5,79.6,0,2)
138 (-60,34.4,0,1) (52.3,34.4,0,1) (52.3,-20,0,1) (-49.9459,-5.6196,0.512384,1) (-32,34.4,0,1) (-32,-20,0,1) (-2.73306,35.4469,0.0123281,1) (-4,-20,0,1) (24.2,34.4,0,1) (24.2,-20,0,1) (-60,7.2,0,1) (54.3702,-0.589279,0,1) (-12.0166,27.8176,0,2) (60.3999,10,0,2) (-5,80.4,0,2)
139 (-60,34.4,0,1) (52.3,34.4,0,1) (52.3,-20,0,1) (-50.5187,-6.43881,0.483195,1) (-32,34.4,0,1) (-32,-20,0,1) (-2.73471,35.4461,0.0132948,1) (-4,-20,0,1) (24.2,34.4,0,1) (24.2,-20,0,1) (-60,7.2,0,1) (53.9594,0.191576,0,1) (-12.0166,27.8176,0,2) (61.1999,10,0,2) (-5,81.2,0,2)
140 (-60,34.4,0,1) (52.3,34.4,0,1) (52.3,-20,0,1) (-51.0914,-7.25802,0.454006,1) (-32,34.4,0,1) (-32,-20,0,1) (-2.73433,35.4431,0.00710787,1) (-4,-20,0,1) (24.2,34.4,0,1) (24.2,-20,0,1) (-60,7.2,0,1) (53.6625,1.10177,0,1) (-12.0166,27.8176,0,2) (61.9999,10,0,2) (-5,82,0,2)
141 (-60,34.4,0,1) (52.3,34.4,0,1) (52.3,-20,0,1) (-51.6642,-8.07723,0.424817,1) (-32,34.4,0,1) (-32,-20,0,1) (-2.73311,35.4393,-0.00178382,1) (-4,-20,0,1) (24.2,34.4,0,1) (24.2,-20,0,1) (-60,7.2,0,1) (53.4445,2.07771,0,1) (-12.0166,27.8176,0,2) (62.7999,10,0,2) (-5,82.8,0,2)
142 (-60,34.4,0,1) (52.3,34.4,0,1) (52.3,-20,0,1) (-52.2369,-8.89644,0.395628,1) (-32,34.4,0,1) (-32,-20,0,1) (-2.73241,35.4364,-0.00824585,1) (-4,-20,0,1) (24.2,34.4,0,1) (24.2,-20,0,1) (-60,7.2,0,1) (53.2264,3.05365,0,1) (-12.0166,27.8176,0,2) (63.5999,10,0,2) (-5,83.6,0,2)
143 (-60,34.4,0,1) (52.3,34.4,0,1) (52.3,-20,0,1) (-52.8097,-9.71565,0.366439,1) (-32,34.4,0,1) (-32,-20,0,1) (-2.73301,35.4353,-0.00927649,1) (-4,-20,0,1) (24.2,34.4,0,1) (24.2,-20,0,1) (-60,7.2,0,1) (53.0084,4.02958,0,1) (-12.0166,27.8176,0,2) (64.3999,10,0,2) (-5,84.4,0,2)
144 (-60,34.4,0,1) (52.3,34.4,0,1) (52.3,-20,0,1) (-53.3824,-10.5349,0.33725,1) (-32,34.4,0,1) (-32,-20,0,1) (-2.73485,35.436,-0.00523762,1) (-4,-20,0,1) (24.2,34.4,0,1) (24.2,-20,0,1) (-60,7.2,0,1) (52.7903,5.00552,0,1) (-12.0166,27.8176,0,2) (65.1999,10,0,2) (-5,85.2,0,2)
